function mpc = SLAU23

%% MATPOWER Case Format : Version 2
mpc.version = '2';

%%-----  Power Flow Data  -----%%
%% system MVA base
mpc.baseMVA = 1;

%% bus data
%	bus_i	type	Pd	Qd	Gs	Bs	area	Vm	Va	baseKV	zone	Vmax	Vmin
mpc.bus = [
	103039456	3	0	0	0	0	0	1	0	13.8	0	1.1	0.9;
	103039463	1	0	0	0	0	0	1	0	13.8	0	1.1	0.9;
	103039519	1	0	0	0	0	0	1	0	13.8	0	1.1	0.9;
	103039533	1	0	0	0	0	0	1	0	13.8	0	1.1	0.9;
	103039575	1	0	0	0	0	0	1	0	13.8	0	1.1	0.9;
	103039596	1	0	0	0	0	0	1	0	13.8	0	1.1	0.9;
	103039610	1	0	0	0	0	0	1	0	13.8	0	1.1	0.9;
	103039659	1	0	0	0	0	0	1	0	13.8	0	1.1	0.9;
	103039666	1	0	0	0	0	0	1	0	13.8	0	1.1	0.9;
	103039680	1	0	0	0	0	0	1	0	13.8	0	1.1	0.9;
	103039708	1	0	0	0	0	0	1	0	13.8	0	1.1	0.9;
	103039750	1	0	0	0	0	0	1	0	13.8	0	1.1	0.9;
	103039764	1	0	0	0	0	0	1	0	13.8	0	1.1	0.9;
	103039778	1	0	0	0	0	0	1	0	13.8	0	1.1	0.9;
	103039799	1	0	0	0	0	0	1	0	13.8	0	1.1	0.9;
	103039813	1	0	0	0	0	0	1	0	13.8	0	1.1	0.9;
	103039848	1	0	0	0	0	0	1	0	13.8	0	1.1	0.9;
	103039855	1	0.0112668213	0.00472313417	0	0	0	1	0	13.8	0	1.1	0.9;
	103039876	1	0	0	0	0	0	1	0	13.8	0	1.1	0.9;
	103039883	1	0.0685336426	0.0140462683	0	0	0	1	0	13.8	0	1.1	0.9;
	103039890	1	0	0	0	0	0	1	0	13.8	0	1.1	0.9;
	103039897	1	0.144067285	0.0287925367	0	0	0	1	0	13.8	0	1.1	0.9;
	103039918	1	0	0	0	0	0	1	0	13.8	0	1.1	0.9;
	103039925	1	0	0	0	0	0	1	0	13.8	0	1.1	0.9;
	103039932	1	0	0	0	0	0	1	0	13.8	0	1.1	0.9;
	103039939	1	0	0	0	0	0	1	0	13.8	0	1.1	0.9;
	103039946	1	0.0225336426	0.00944626834	0	0	0	1	0	13.8	0	1.1	0.9;
	103039981	1	0	0	0	0	0	1	0	13.8	0	1.1	0.9;
	103039988	1	0	0	0	0	0	1	0	13.8	0	1.1	0.9;
	103040002	1	0	0	0	0	0	1	0	13.8	0	1.1	0.9;
	103040030	1	0	0	0	0	0	1	0	13.8	0	1.1	0.9;
	103040037	1	0.0168251198	0.00705321369	0	0	0	1	0	13.8	0	1.1	0.9;
	103040044	1	0	0	0	0	0	1	0	13.8	0	1.1	0.9;
	103040051	1	0	0	0	0	0	1	0	13.8	0	1.1	0.9;
	103040058	1	0	0	0	0	0	1	0	13.8	0	1.1	0.9;
	103040065	1	0	0	0	0	0	1	0	13.8	0	1.1	0.9;
	103040072	1	0	0	0	0	0	1	0	13.8	0	1.1	0.9;
	103040079	1	0	0	0	0	0	1	0	13.8	0	1.1	0.9;
	103040086	1	0	0	0	0	0	1	0	13.8	0	1.1	0.9;
	103040128	1	0	0	0	0	0	1	0	13.8	0	1.1	0.9;
	103040135	1	0	0	0	0	0	1	0	13.8	0	1.1	0.9;
	103040149	1	0	0	0	0	0	1	0	13.8	0	1.1	0.9;
	103040163	1	0	0	0	0	0	1	0	13.8	0	1.1	0.9;
	103040170	1	0	0	0	0	0	1	0	13.8	0	1.1	0.9;
	103040177	1	0.0112668213	0.00472313417	0	0	0	1	0	13.8	0	1.1	0.9;
	103040184	1	0	0	0	0	0	1	0	13.8	0	1.1	0.9;
	103040191	1	0.221112142	0.0460875611	0	0	0	1	0	13.8	0	1.1	0.9;
	103040198	1	0	0	0	0	0	1	0	13.8	0	1.1	0.9;
	103040205	1	0.023584281	0.00944626834	0	0	0	1	0	13.8	0	1.1	0.9;
	103040212	1	0	0	0	0	0	1	0	13.8	0	1.1	0.9;
	103040219	1	0.0342780268	0.0141694025	0	0	0	1	0	13.8	0	1.1	0.9;
	103040226	1	0.0168251198	0.00705321369	0	0	0	1	0	13.8	0	1.1	0.9;
	103040247	1	0	0	0	0	0	1	0	13.8	0	1.1	0.9;
	103040254	1	0.0925336426	0.0164462683	0	0	0	1	0	13.8	0	1.1	0.9;
	103040303	1	0	0	0	0	0	1	0	13.8	0	1.1	0.9;
	103040366	1	0	0	0	0	0	1	0	13.8	0	1.1	0.9;
	103040380	1	0	0	0	0	0	1	0	13.8	0	1.1	0.9;
	103040387	1	0	0	0	0	0	1	0	13.8	0	1.1	0.9;
	103040401	1	0	0	0	0	0	1	0	13.8	0	1.1	0.9;
	103040408	1	0.0718251198	0.0125532137	0	0	0	1	0	13.8	0	1.1	0.9;
	103040429	1	0	0	0	0	0	1	0	13.8	0	1.1	0.9;
	103040436	1	0	0	0	0	0	1	0	13.8	0	1.1	0.9;
	103040443	1	0	0	0	0	0	1	0	13.8	0	1.1	0.9;
	103040450	1	0	0	0	0	0	1	0	13.8	0	1.1	0.9;
	103040457	1	0.170625584	0.0332226162	0	0	0	1	0	13.8	0	1.1	0.9;
	103040464	1	0	0	0	0	0	1	0	13.8	0	1.1	0.9;
	103040471	1	0.155556071	0.0275437806	0	0	0	1	0	13.8	0	1.1	0.9;
	103040478	1	0	0	0	0	0	1	0	13.8	0	1.1	0.9;
	103040485	1	0	0	0	0	0	1	0	13.8	0	1.1	0.9;
	103040492	1	0.0117978712	0.00472313417	0	0	0	1	0	13.8	0	1.1	0.9;
	103040499	1	0	0	0	0	0	1	0	13.8	0	1.1	0.9;
	103040506	1	0.0228793981	0.00944626834	0	0	0	1	0	13.8	0	1.1	0.9;
	103040513	1	0	0	0	0	0	1	0	13.8	0	1.1	0.9;
	103040520	1	0	0	0	0	0	1	0	13.8	0	1.1	0.9;
	103040527	1	0	0	0	0	0	1	0	13.8	0	1.1	0.9;
	103040534	1	0	0	0	0	0	1	0	13.8	0	1.1	0.9;
	103040541	1	0	0	0	0	0	1	0	13.8	0	1.1	0.9;
	103040548	1	0	0	0	0	0	1	0	13.8	0	1.1	0.9;
	103040555	1	0	0	0	0	0	1	0	13.8	0	1.1	0.9;
	103040562	1	0	0	0	0	0	1	0	13.8	0	1.1	0.9;
	103040569	1	0	0	0	0	0	1	0	13.8	0	1.1	0.9;
	103040576	1	0	0	0	0	0	1	0	13.8	0	1.1	0.9;
	103040625	1	0	0	0	0	0	1	0	13.8	0	1.1	0.9;
	103040639	1	0	0	0	0	0	1	0	13.8	0	1.1	0.9;
	103040660	1	0	0	0	0	0	1	0	13.8	0	1.1	0.9;
	103040695	1	0	0	0	0	0	1	0	13.8	0	1.1	0.9;
	103040716	1	0	0	0	0	0	1	0	13.8	0	1.1	0.9;
	103040723	1	0.150800464	0.0258694025	0	0	0	1	0	13.8	0	1.1	0.9;
	103040730	1	0	0	0	0	0	1	0	13.8	0	1.1	0.9;
	103040737	1	0.0322668213	0.00682313417	0	0	0	1	0	13.8	0	1.1	0.9;
	103040744	1	0.0130911116	0.00472313417	0	0	0	1	0	13.8	0	1.1	0.9;
	103040751	1	0.0112668213	0.00472313417	0	0	0	1	0	13.8	0	1.1	0.9;
	103040758	1	0.011650337	0.0028338805	0	0	0	1	0	13.8	0	1.1	0.9;
	103040765	1	0.00996931556	0.0028338805	0	0	0	1	0	13.8	0	1.1	0.9;
	103040772	1	0.00930072748	0.0028338805	0	0	0	1	0	13.8	0	1.1	0.9;
	103040779	1	0	0	0	0	0	1	0	13.8	0	1.1	0.9;
	103040786	1	0.012145537	0.00472313417	0	0	0	1	0	13.8	0	1.1	0.9;
	103040793	1	0.0120309219	0.00472313417	0	0	0	1	0	13.8	0	1.1	0.9;
	103040800	1	0	0	0	0	0	1	0	13.8	0	1.1	0.9;
	103040807	1	0.0174937079	0.00705321369	0	0	0	1	0	13.8	0	1.1	0.9;
	103040814	1	0	0	0	0	0	1	0	13.8	0	1.1	0.9;
	103040821	1	0	0	0	0	0	1	0	13.8	0	1.1	0.9;
	103040828	1	0.0168251198	0.00705321369	0	0	0	1	0	13.8	0	1.1	0.9;
	103040835	1	0.0178948607	0.00705321369	0	0	0	1	0	13.8	0	1.1	0.9;
	103040842	1	0	0	0	0	0	1	0	13.8	0	1.1	0.9;
	103040849	1	0.0175510154	0.00705321369	0	0	0	1	0	13.8	0	1.1	0.9;
	103040856	1	0	0	0	0	0	1	0	13.8	0	1.1	0.9;
	103040863	1	0	0	0	0	0	1	0	13.8	0	1.1	0.9;
	103040870	1	0	0	0	0	0	1	0	13.8	0	1.1	0.9;
	103040940	1	0	0	0	0	0	1	0	13.8	0	1.1	0.9;
	103040947	1	0.126533643	0.0198462683	0	0	0	1	0	13.8	0	1.1	0.9;
	103040954	1	0	0	0	0	0	1	0	13.8	0	1.1	0.9;
	103040961	1	0.0112668213	0.00472313417	0	0	0	1	0	13.8	0	1.1	0.9;
	103040968	1	0	0	0	0	0	1	0	13.8	0	1.1	0.9;
	103040975	1	0	0	0	0	0	1	0	13.8	0	1.1	0.9;
	103040982	1	0.0239663313	0.00944626834	0	0	0	1	0	13.8	0	1.1	0.9;
	103040989	1	0	0	0	0	0	1	0	13.8	0	1.1	0.9;
	103040996	1	0	0	0	0	0	1	0	13.8	0	1.1	0.9;
	103041003	1	0.172800464	0.0280694025	0	0	0	1	0	13.8	0	1.1	0.9;
	103041010	1	0	0	0	0	0	1	0	13.8	0	1.1	0.9;
	103041017	1	0.0445336426	0.0116462683	0	0	0	1	0	13.8	0	1.1	0.9;
	103041024	1	0	0	0	0	0	1	0	13.8	0	1.1	0.9;
	103041031	1	0	0	0	0	0	1	0	13.8	0	1.1	0.9;
	103041038	1	0	0	0	0	0	1	0	13.8	0	1.1	0.9;
	103041045	1	0.0112668213	0.00472313417	0	0	0	1	0	13.8	0	1.1	0.9;
	103041052	1	0	0	0	0	0	1	0	13.8	0	1.1	0.9;
	103041059	1	0.324067285	0.0467925367	0	0	0	1	0	13.8	0	1.1	0.9;
	103041066	1	0	0	0	0	0	1	0	13.8	0	1.1	0.9;
	103041073	1	0.196800464	0.0304694025	0	0	0	1	0	13.8	0	1.1	0.9;
	103041080	1	0	0	0	0	0	1	0	13.8	0	1.1	0.9;
	103041087	1	0.219800464	0.0327694025	0	0	0	1	0	13.8	0	1.1	0.9;
	103041094	1	0	0	0	0	0	1	0	13.8	0	1.1	0.9;
	103041101	1	0.0120309219	0.00472313417	0	0	0	1	0	13.8	0	1.1	0.9;
	103041108	1	0.012069127	0.00472313417	0	0	0	1	0	13.8	0	1.1	0.9;
	103856300	1	0	0	0	0	0	1	0	13.8	0	1.1	0.9;
	104390729	1	0	0	0	0	0	1	0	13.8	0	1.1	0.9;
	104390736	1	0	0	0	0	0	1	0	13.8	0	1.1	0.9;
	104390743	1	0.0226704899	0.00705321369	0	0	0	1	0	13.8	0	1.1	0.9;
	104390750	1	0	0	0	0	0	1	0	13.8	0	1.1	0.9;
	104390757	1	0.0225336426	0.00944626834	0	0	0	1	0	13.8	0	1.1	0.9;
	104390764	1	0.0289520881	0.00944626834	0	0	0	1	0	13.8	0	1.1	0.9;
	104390771	1	0.0178280019	0.00705321369	0	0	0	1	0	13.8	0	1.1	0.9;
	104390778	1	0	0	0	0	0	1	0	13.8	0	1.1	0.9;
	104390785	1	0.0194044934	0.00472313417	0	0	0	1	0	13.8	0	1.1	0.9;
	104391023	1	0	0	0	0	0	1	0	13.8	0	1.1	0.9;
	104391030	1	0	0	0	0	0	1	0	13.8	0	1.1	0.9;
	104391037	1	0	0	0	0	0	1	0	13.8	0	1.1	0.9;
	116193800	1	0	0	0	0	0	1	0	13.8	0	1.1	0.9;
	116194591	1	0.013253483	0.00472313417	0	0	0	1	0	13.8	0	1.1	0.9;
	116194598	1	0	0	0	0	0	1	0	13.8	0	1.1	0.9;
	116194605	1	0	0	0	0	0	1	0	13.8	0	1.1	0.9;
	116194612	1	0	0	0	0	0	1	0	13.8	0	1.1	0.9;
