function mpc = SLAU22

%% MATPOWER Case Format : Version 2
mpc.version = '2';

%%-----  Power Flow Data  -----%%
%% system MVA base
mpc.baseMVA = 100;

%% bus data
%	bus_i	type	Pd	Qd	Gs	Bs	area	Vm	Va	baseKV	zone	Vmax	Vmin
mpc.bus = [
	103036817	3	0	0	0	0	0	1	0	13.8	0	1.1	0.9;
	103036824	1	0	0	0	0	0	1	0	13.8	0	1.1	0.9;
	103036831	1	0	0	0	0	0	1	0	13.8	0	1.1	0.9;
	103036838	1	0.0157892369	0.00612226461	0	0	0	1	0	13.8	0	1.1	0.9;
	103036845	1	0.0159820177	0.00612226461	0	0	0	1	0	13.8	0	1.1	0.9;
	103036852	1	0	0	0	0	0	1	0	13.8	0	1.1	0.9;
	103036859	1	0.016312499	0.00612226461	0	0	0	1	0	13.8	0	1.1	0.9;
	103036866	1	0.0165328199	0.00612226461	0	0	0	1	0	13.8	0	1.1	0.9;
	103036873	1	0.010415414	0.00367335877	0	0	0	1	0	13.8	0	1.1	0.9;
	103036880	1	0.0238426116	0.00914258183	0	0	0	1	0	13.8	0	1.1	0.9;
	103036887	1	0	0	0	0	0	1	0	13.8	0	1.1	0.9;
	103036901	1	0	0	0	0	0	1	0	13.8	0	1.1	0.9;
	103036943	1	0	0	0	0	0	1	0	13.8	0	1.1	0.9;
	103036971	1	0	0	0	0	0	1	0	13.8	0	1.1	0.9;
	103036992	1	0	0	0	0	0	1	0	13.8	0	1.1	0.9;
	103037020	1	0	0	0	0	0	1	0	13.8	0	1.1	0.9;
	103037048	1	0	0	0	0	0	1	0	13.8	0	1.1	0.9;
	103037055	1	0.0155413759	0.00612226461	0	0	0	1	0	13.8	0	1.1	0.9;
	103037062	1	0.0239803122	0.00914258183	0	0	0	1	0	13.8	0	1.1	0.9;
	103037069	1	0	0	0	0	0	1	0	13.8	0	1.1	0.9;
	103037076	1	0.0240353924	0.00914258183	0	0	0	1	0	13.8	0	1.1	0.9;
	103037083	1	0	0	0	0	0	1	0	13.8	0	1.1	0.9;
	103037090	1	0	0	0	0	0	1	0	13.8	0	1.1	0.9;
	103037097	1	0.450602493	0.0790680185	0	0	0	1	0	13.8	0	1.1	0.9;
	103037118	1	0	0	0	0	0	1	0	13.8	0	1.1	0.9;
	103037125	1	0	0	0	0	0	1	0	13.8	0	1.1	0.9;
	103037132	1	0	0	0	0	0	1	0	13.8	0	1.1	0.9;
	103037174	1	0	0	0	0	0	1	0	13.8	0	1.1	0.9;
	103037181	1	0	0	0	0	0	1	0	13.8	0	1.1	0.9;
	103037188	1	0	0	0	0	0	1	0	13.8	0	1.1	0.9;
	103037195	1	0	0	0	0	0	1	0	13.8	0	1.1	0.9;
	103037272	1	0	0	0	0	0	1	0	13.8	0	1.1	0.9;
	103037286	1	0	0	0	0	0	1	0	13.8	0	1.1	0.9;
	103037314	1	0	0	0	0	0	1	0	13.8	0	1.1	0.9;
	103037321	1	0.0107458953	0.00367335877	0	0	0	1	0	13.8	0	1.1	0.9;
	103037328	1	0	0	0	0	0	1	0	13.8	0	1.1	0.9;
	103037335	1	0.0171111623	0.00612226461	0	0	0	1	0	13.8	0	1.1	0.9;
	103037342	1	0	0	0	0	0	1	0	13.8	0	1.1	0.9;
	103037349	1	0.130862431	0.0222445292	0	0	0	1	0	13.8	0	1.1	0.9;
	103037377	1	0	0	0	0	0	1	0	13.8	0	1.1	0.9;
	103037384	1	0	0	0	0	0	1	0	13.8	0	1.1	0.9;
	103037426	1	0	0	0	0	0	1	0	13.8	0	1.1	0.9;
	103037440	1	0	0	0	0	0	1	0	13.8	0	1.1	0.9;
	103037447	1	0	0	0	0	0	1	0	13.8	0	1.1	0.9;
	103037461	1	0	0	0	0	0	1	0	13.8	0	1.1	0.9;
	103037475	1	0	0	0	0	0	1	0	13.8	0	1.1	0.9;
	103037510	1	0	0	0	0	0	1	0	13.8	0	1.1	0.9;
	103037517	1	0.0600439484	0.0128425818	0	0	0	1	0	13.8	0	1.1	0.9;
	103037524	1	0	0	0	0	0	1	0	13.8	0	1.1	0.9;
	103037531	1	0.0882936463	0.0225667938	0	0	0	1	0	13.8	0	1.1	0.9;
	103037559	1	0	0	0	0	0	1	0	13.8	0	1.1	0.9;
	103037566	1	0	0	0	0	0	1	0	13.8	0	1.1	0.9;
	103037601	1	0	0	0	0	0	1	0	13.8	0	1.1	0.9;
	103037608	1	0	0	0	0	0	1	0	13.8	0	1.1	0.9;
	103037615	1	0	0	0	0	0	1	0	13.8	0	1.1	0.9;
	103037622	1	0.00768719235	0.00244890585	0	0	0	1	0	13.8	0	1.1	0.9;
	103037629	1	0	0	0	0	0	1	0	13.8	0	1.1	0.9;
	103037636	1	0	0	0	0	0	1	0	13.8	0	1.1	0.9;
	103037643	1	0	0	0	0	0	1	0	13.8	0	1.1	0.9;
	103037650	1	0	0	0	0	0	1	0	13.8	0	1.1	0.9;
	103037657	1	0	0	0	0	0	1	0	13.8	0	1.1	0.9;
	103037664	1	0	0	0	0	0	1	0	13.8	0	1.1	0.9;
	103037671	1	0	0	0	0	0	1	0	13.8	0	1.1	0.9;
	103037678	1	0	0	0	0	0	1	0	13.8	0	1.1	0.9;
	103037685	1	0	0	0	0	0	1	0	13.8	0	1.1	0.9;
	103037692	1	0.0154312154	0.00612226461	0	0	0	1	0	13.8	0	1.1	0.9;
	103037699	1	0	0	0	0	0	1	0	13.8	0	1.1	0.9;
	103037706	1	0	0	0	0	0	1	0	13.8	0	1.1	0.9;
	103037713	1	0.0151798534	0.00367335877	0	0	0	1	0	13.8	0	1.1	0.9;
	103037720	1	0	0	0	0	0	1	0	13.8	0	1.1	0.9;
	103037727	1	0	0	0	0	0	1	0	13.8	0	1.1	0.9;
	103037734	1	0	0	0	0	0	1	0	13.8	0	1.1	0.9;
	103037741	1	0	0	0	0	0	1	0	13.8	0	1.1	0.9;
	103037748	1	0	0	0	0	0	1	0	13.8	0	1.1	0.9;
	103037755	1	0.0170285419	0.00612226461	0	0	0	1	0	13.8	0	1.1	0.9;
	103037762	1	0	0	0	0	0	1	0	13.8	0	1.1	0.9;
	103037797	1	0	0	0	0	0	1	0	13.8	0	1.1	0.9;
	103037804	1	0	0	0	0	0	1	0	13.8	0	1.1	0.9;
	103037853	1	0	0	0	0	0	1	0	13.8	0	1.1	0.9;
	103037888	1	0	0	0	0	0	1	0	13.8	0	1.1	0.9;
	103037916	1	0	0	0	0	0	1	0	13.8	0	1.1	0.9;
	103037923	1	0	0	0	0	0	1	0	13.8	0	1.1	0.9;
	103037944	1	0	0	0	0	0	1	0	13.8	0	1.1	0.9;
	103037951	1	0	0	0	0	0	1	0	13.8	0	1.1	0.9;
	103037958	1	0.102862431	0.0194445292	0	0	0	1	0	13.8	0	1.1	0.9;
	103037979	1	0	0	0	0	0	1	0	13.8	0	1.1	0.9;
	103038042	1	0	0	0	0	0	1	0	13.8	0	1.1	0.9;
	103038049	1	0.179293646	0.0316667938	0	0	0	1	0	13.8	0	1.1	0.9;
	103038056	1	0	0	0	0	0	1	0	13.8	0	1.1	0.9;
	103038063	1	0.0840439484	0.0152425818	0	0	0	1	0	13.8	0	1.1	0.9;
	103038119	1	0	0	0	0	0	1	0	13.8	0	1.1	0.9;
	103038161	1	0	0	0	0	0	1	0	13.8	0	1.1	0.9;
	103038182	1	0	0	0	0	0	1	0	13.8	0	1.1	0.9;
	103038189	1	0.0770439484	0.0145425818	0	0	0	1	0	13.8	0	1.1	0.9;
	103038196	1	0	0	0	0	0	1	0	13.8	0	1.1	0.9;
	103038203	1	0.231468231	0.0918339692	0	0	0	1	0	13.8	0	1.1	0.9;
	103038210	1	0	0	0	0	0	1	0	13.8	0	1.1	0.9;
	103038217	1	0.0241125047	0.00914258183	0	0	0	1	0	13.8	0	1.1	0.9;
	103038224	1	0	0	0	0	0	1	0	13.8	0	1.1	0.9;
	103038231	1	0	0	0	0	0	1	0	13.8	0	1.1	0.9;
	103038238	1	0	0	0	0	0	1	0	13.8	0	1.1	0.9;
	103038245	1	0	0	0	0	0	1	0	13.8	0	1.1	0.9;
	103038252	1	0.0325533938	0.0122445292	0	0	0	1	0	13.8	0	1.1	0.9;
	103038259	1	0	0	0	0	0	1	0	13.8	0	1.1	0.9;
	103038266	1	0	0	0	0	0	1	0	13.8	0	1.1	0.9;
	103038273	1	0	0	0	0	0	1	0	13.8	0	1.1	0.9;
	103038280	1	0	0	0	0	0	1	0	13.8	0	1.1	0.9;
	103038301	1	0	0	0	0	0	1	0	13.8	0	1.1	0.9;
	103038308	1	0.0308624308	0.0122445292	0	0	0	1	0	13.8	0	1.1	0.9;
	103038329	1	0	0	0	0	0	1	0	13.8	0	1.1	0.9;
	103038336	1	0.0129215642	0.00367335877	0	0	0	1	0	13.8	0	1.1	0.9;
	103038343	1	0	0	0	0	0	1	0	13.8	0	1.1	0.9;
	103038350	1	0.0124974465	0.00367335877	0	0	0	1	0	13.8	0	1.1	0.9;
	103038357	1	0	0	0	0	0	1	0	13.8	0	1.1	0.9;
	103038364	1	0	0	0	0	0	1	0	13.8	0	1.1	0.9;
	103038371	1	0	0	0	0	0	1	0	13.8	0	1.1	0.9;
	103038378	1	0.0130041845	0.00367335877	0	0	0	1	0	13.8	0	1.1	0.9;
	103038385	1	0.0113104676	0.00367335877	0	0	0	1	0	13.8	0	1.1	0.9;
	103038392	1	0	0	0	0	0	1	0	13.8	0	1.1	0.9;
	103038399	1	0.219724862	0.0402890585	0	0	0	1	0	13.8	0	1.1	0.9;
	103038406	1	0	0	0	0	0	1	0	13.8	0	1.1	0.9;
	103038413	1	0	0	0	0	0	1	0	13.8	0	1.1	0.9;
	103038420	1	0.0114619382	0.00367335877	0	0	0	1	0	13.8	0	1.1	0.9;
	103038427	1	0.0188737295	0.00612226461	0	0	0	1	0	13.8	0	1.1	0.9;
	103038434	1	0.00925697876	0.00244890585	0	0	0	1	0	13.8	0	1.1	0.9;
	103038441	1	0	0	0	0	0	1	0	13.8	0	1.1	0.9;
	103038448	1	0	0	0	0	0	1	0	13.8	0	1.1	0.9;
	103038455	1	0	0	0	0	0	1	0	13.8	0	1.1	0.9;
	103038462	1	0.0127838636	0.00367335877	0	0	0	1	0	13.8	0	1.1	0.9;
	103038469	1	0.0112416173	0.00367335877	0	0	0	1	0	13.8	0	1.1	0.9;
	103038476	1	0	0	0	0	0	1	0	13.8	0	1.1	0.9;
	103038483	1	0.0230439484	0.00914258183	0	0	0	1	0	13.8	0	1.1	0.9;
	103038490	1	0	0	0	0	0	1	0	13.8	0	1.1	0.9;
	103038497	1	0	0	0	0	0	1	0	13.8	0	1.1	0.9;
	103038504	1	0.0181989967	0.00612226461	0	0	0	1	0	13.8	0	1.1	0.9;
	103038525	1	0	0	0	0	0	1	0	13.8	0	1.1	0.9;
	103038532	1	0.185724862	0.0368890585	0	0	0	1	0	13.8	0	1.1	0.9;
	103038539	1	0	0	0	0	0	1	0	13.8	0	1.1	0.9;
	103038546	1	0	0	0	0	0	1	0	13.8	0	1.1	0.9;
	103038553	1	0.0166980606	0.00612226461	0	0	0	1	0	13.8	0	1.1	0.9;
	103038560	1	0	0	0	0	0	1	0	13.8	0	1.1	0.9;
	103038567	1	0	0	0	0	0	1	0	13.8	0	1.1	0.9;
	103038574	1	0.0159269374	0.00612226461	0	0	0	1	0	13.8	0	1.1	0.9;
	103038581	1	0	0	0	0	0	1	0	13.8	0	1.1	0.9;
	103038588	1	0	0	0	0	0	1	0	13.8	0	1.1	0.9;
	103038595	1	0	0	0	0	0	1	0	13.8	0	1.1	0.9;
	103038602	1	0	0	0	0	0	1	0	13.8	0	1.1	0.9;
	103038609	1	0	0	0	0	0	1	0	13.8	0	1.1	0.9;
	103038616	1	0	0	0	0	0	1	0	13.8	0	1.1	0.9;
	103038623	1	0	0	0	0	0	1	0	13.8	0	1.1	0.9;
	103038630	1	0	0	0	0	0	1	0	13.8	0	1.1	0.9;
	103038637	1	0	0	0	0	0	1	0	13.8	0	1.1	0.9;
	103038644	1	0	0	0	0	0	1	0	13.8	0	1.1	0.9;
	103038651	1	0	0	0	0	0	1	0	13.8	0	1.1	0.9;
