function mpc = SLAU21

%% MATPOWER Case Format : Version 2
mpc.version = '2';

%%-----  Power Flow Data  -----%%
%% system MVA base
mpc.baseMVA = 100;

%% bus data
%	bus_i	type	Pd	Qd	Gs	Bs	area	Vm	Va	baseKV	zone	Vmax	Vmin
mpc.bus = [
	103033646	3	0	0	0	0	0	1	0	13.8	0	1.1	0.9;
	103033653	1	0	0	0	0	0	1	0	13.8	0	1.1	0.9;
	103033660	1	0	0	0	0	0	1	0	13.8	0	1.1	0.9;
	103033667	1	0.0199844476	0.00623659165	0	0	0	1	0	13.8	0	1.1	0.9;
	103033674	1	0	0	0	0	0	1	0	13.8	0	1.1	0.9;
	103033681	1	0	0	0	0	0	1	0	13.8	0	1.1	0.9;
	103033688	1	0	0	0	0	0	1	0	13.8	0	1.1	0.9;
	103033695	1	0	0	0	0	0	1	0	13.8	0	1.1	0.9;
	103033702	1	0	0	0	0	0	1	0	13.8	0	1.1	0.9;
	103033709	1	0.0173771052	0.00415772777	0	0	0	1	0	13.8	0	1.1	0.9;
	103033716	1	0.0226205317	0.00623659165	0	0	0	1	0	13.8	0	1.1	0.9;
	103033723	1	0	0	0	0	0	1	0	13.8	0	1.1	0.9;
	103033730	1	0	0	0	0	0	1	0	13.8	0	1.1	0.9;
	103033737	1	0	0	0	0	0	1	0	13.8	0	1.1	0.9;
	103033744	1	0	0	0	0	0	1	0	13.8	0	1.1	0.9;
	103033751	1	0	0	0	0	0	1	0	13.8	0	1.1	0.9;
	103033758	1	0	0	0	0	0	1	0	13.8	0	1.1	0.9;
	103033765	1	0	0	0	0	0	1	0	13.8	0	1.1	0.9;
	103033772	1	0	0	0	0	0	1	0	13.8	0	1.1	0.9;
	103033779	1	0.0225669527	0.00623659165	0	0	0	1	0	13.8	0	1.1	0.9;
	103033786	1	0	0	0	0	0	1	0	13.8	0	1.1	0.9;
	103033793	1	0	0	0	0	0	1	0	13.8	0	1.1	0.9;
	103033800	1	0	0	0	0	0	1	0	13.8	0	1.1	0.9;
	103033807	1	0	0	0	0	0	1	0	13.8	0	1.1	0.9;
	103033814	1	0	0	0	0	0	1	0	13.8	0	1.1	0.9;
	103033821	1	0.0348433424	0.0103943194	0	0	0	1	0	13.8	0	1.1	0.9;
	103033828	1	0	0	0	0	0	1	0	13.8	0	1.1	0.9;
	103033835	1	0	0	0	0	0	1	0	13.8	0	1.1	0.9;
	103033842	1	0.0237992685	0.00623659165	0	0	0	1	0	13.8	0	1.1	0.9;
	103033849	1	0	0	0	0	0	1	0	13.8	0	1.1	0.9;
	103033856	1	0	0	0	0	0	1	0	13.8	0	1.1	0.9;
	103033863	1	0	0	0	0	0	1	0	13.8	0	1.1	0.9;
	103033870	1	0.0300212373	0.0103943194	0	0	0	1	0	13.8	0	1.1	0.9;
	103033877	1	0.0324912266	0.0103943194	0	0	0	1	0	13.8	0	1.1	0.9;
	103033884	1	0	0	0	0	0	1	0	13.8	0	1.1	0.9;
	103033891	1	0	0	0	0	0	1	0	13.8	0	1.1	0.9;
	103033898	1	0	0	0	0	0	1	0	13.8	0	1.1	0.9;
	103033905	1	0	0	0	0	0	1	0	13.8	0	1.1	0.9;
	103033912	1	0	0	0	0	0	1	0	13.8	0	1.1	0.9;
	103033919	1	0	0	0	0	0	1	0	13.8	0	1.1	0.9;
	103033926	1	0.0106500264	0.00346477314	0	0	0	1	0	13.8	0	1.1	0.9;
	103033933	1	0	0	0	0	0	1	0	13.8	0	1.1	0.9;
	103033940	1	0	0	0	0	0	1	0	13.8	0	1.1	0.9;
	103033947	1	0	0	0	0	0	1	0	13.8	0	1.1	0.9;
	103033954	1	0	0	0	0	0	1	0	13.8	0	1.1	0.9;
	103033961	1	0	0	0	0	0	1	0	13.8	0	1.1	0.9;
	103033968	1	0	0	0	0	0	1	0	13.8	0	1.1	0.9;
	103033975	1	0.0372972581	0.0103943194	0	0	0	1	0	13.8	0	1.1	0.9;
	103033982	1	0	0	0	0	0	1	0	13.8	0	1.1	0.9;
	103033989	1	0.0162571086	0.00512786424	0	0	0	1	0	13.8	0	1.1	0.9;
	103033996	1	0	0	0	0	0	1	0	13.8	0	1.1	0.9;
	103034003	1	0	0	0	0	0	1	0	13.8	0	1.1	0.9;
	103034010	1	0.021843637	0.00623659165	0	0	0	1	0	13.8	0	1.1	0.9;
	103034017	1	0	0	0	0	0	1	0	13.8	0	1.1	0.9;
	103034024	1	0	0	0	0	0	1	0	13.8	0	1.1	0.9;
	103034031	1	0	0	0	0	0	1	0	13.8	0	1.1	0.9;
	103034038	1	0.0330752372	0.0103943194	0	0	0	1	0	13.8	0	1.1	0.9;
	103034045	1	0	0	0	0	0	1	0	13.8	0	1.1	0.9;
	103034052	1	0	0	0	0	0	1	0	13.8	0	1.1	0.9;
	103034059	1	0.0180127424	0.00623659165	0	0	0	1	0	13.8	0	1.1	0.9;
	103034066	1	0.0195665318	0.00623659165	0	0	0	1	0	13.8	0	1.1	0.9;
	103034073	1	0	0	0	0	0	1	0	13.8	0	1.1	0.9;
	103034080	1	0.018794995	0.00623659165	0	0	0	1	0	13.8	0	1.1	0.9;
	103034087	1	0.0128979054	0.00415772777	0	0	0	1	0	13.8	0	1.1	0.9;
	103034108	1	0	0	0	0	0	1	0	13.8	0	1.1	0.9;
	103034115	1	0	0	0	0	0	1	0	13.8	0	1.1	0.9;
	103034122	1	0	0	0	0	0	1	0	13.8	0	1.1	0.9;
	103034136	1	0	0	0	0	0	1	0	13.8	0	1.1	0.9;
	103034143	1	0	0	0	0	0	1	0	13.8	0	1.1	0.9;
	103034157	1	0	0	0	0	0	1	0	13.8	0	1.1	0.9;
	103034164	1	0.0127478844	0.00415772777	0	0	0	1	0	13.8	0	1.1	0.9;
	103034171	1	0.0127586001	0.00415772777	0	0	0	1	0	13.8	0	1.1	0.9;
	103034199	1	0	0	0	0	0	1	0	13.8	0	1.1	0.9;
	103034206	1	0	0	0	0	0	1	0	13.8	0	1.1	0.9;
	103034220	1	0	0	0	0	0	1	0	13.8	0	1.1	0.9;
	103034297	1	0	0	0	0	0	1	0	13.8	0	1.1	0.9;
	103034304	1	0	0	0	0	0	1	0	13.8	0	1.1	0.9;
	103034311	1	0	0	0	0	0	1	0	13.8	0	1.1	0.9;
	103034318	1	0	0	0	0	0	1	0	13.8	0	1.1	0.9;
	103034325	1	0.0187628476	0.00623659165	0	0	0	1	0	13.8	0	1.1	0.9;
	103034332	1	0	0	0	0	0	1	0	13.8	0	1.1	0.9;
	103034339	1	0	0	0	0	0	1	0	13.8	0	1.1	0.9;
	103034346	1	0	0	0	0	0	1	0	13.8	0	1.1	0.9;
	103034353	1	0.0310928162	0.0103943194	0	0	0	1	0	13.8	0	1.1	0.9;
	103034360	1	0.0329680793	0.0103943194	0	0	0	1	0	13.8	0	1.1	0.9;
	103034367	1	0	0	0	0	0	1	0	13.8	0	1.1	0.9;
	103034374	1	0.0324269319	0.0103943194	0	0	0	1	0	13.8	0	1.1	0.9;
	103034381	1	0	0	0	0	0	1	0	13.8	0	1.1	0.9;
	103034388	1	0	0	0	0	0	1	0	13.8	0	1.1	0.9;
	103034395	1	0	0	0	0	0	1	0	13.8	0	1.1	0.9;
	103034402	1	0.00805096317	0.00207886388	0	0	0	1	0	13.8	0	1.1	0.9;
	103034409	1	0.0328877108	0.0103943194	0	0	0	1	0	13.8	0	1.1	0.9;
	103034416	1	0	0	0	0	0	1	0	13.8	0	1.1	0.9;
	103034423	1	0	0	0	0	0	1	0	13.8	0	1.1	0.9;
	103034430	1	0	0	0	0	0	1	0	13.8	0	1.1	0.9;
	103034437	1	0	0	0	0	0	1	0	13.8	0	1.1	0.9;
	103034444	1	0.0124605104	0.00207886388	0	0	0	1	0	13.8	0	1.1	0.9;
	103034451	1	0	0	0	0	0	1	0	13.8	0	1.1	0.9;
	103034486	1	0	0	0	0	0	1	0	13.8	0	1.1	0.9;
	103034493	1	0.126042475	0.0273886388	0	0	0	1	0	13.8	0	1.1	0.9;
	103034500	1	0	0	0	0	0	1	0	13.8	0	1.1	0.9;
	103034507	1	0.019861216	0.00623659165	0	0	0	1	0	13.8	0	1.1	0.9;
	103034514	1	0	0	0	0	0	1	0	13.8	0	1.1	0.9;
	103034521	1	0.0320840267	0.0103943194	0	0	0	1	0	13.8	0	1.1	0.9;
	103034528	1	0	0	0	0	0	1	0	13.8	0	1.1	0.9;
	103034535	1	0	0	0	0	0	1	0	13.8	0	1.1	0.9;
	103034542	1	0	0	0	0	0	1	0	13.8	0	1.1	0.9;
	103034549	1	0.0195129528	0.00623659165	0	0	0	1	0	13.8	0	1.1	0.9;
	103034556	1	0	0	0	0	0	1	0	13.8	0	1.1	0.9;
	103034563	1	0	0	0	0	0	1	0	13.8	0	1.1	0.9;
	103034570	1	0.0200487423	0.00623659165	0	0	0	1	0	13.8	0	1.1	0.9;
	103034577	1	0	0	0	0	0	1	0	13.8	0	1.1	0.9;
	103034584	1	0	0	0	0	0	1	0	13.8	0	1.1	0.9;
	103034591	1	0	0	0	0	0	1	0	13.8	0	1.1	0.9;
	103034626	1	0	0	0	0	0	1	0	13.8	0	1.1	0.9;
	103034633	1	0	0	0	0	0	1	0	13.8	0	1.1	0.9;
	103034640	1	0	0	0	0	0	1	0	13.8	0	1.1	0.9;
	103034647	1	0	0	0	0	0	1	0	13.8	0	1.1	0.9;
	103034654	1	0.0194057949	0.00623659165	0	0	0	1	0	13.8	0	1.1	0.9;
	103034661	1	0	0	0	0	0	1	0	13.8	0	1.1	0.9;
	103034668	1	0.033235974	0.0103943194	0	0	0	1	0	13.8	0	1.1	0.9;
	103034675	1	0	0	0	0	0	1	0	13.8	0	1.1	0.9;
	103034682	1	0.0195129528	0.00623659165	0	0	0	1	0	13.8	0	1.1	0.9;
	103034689	1	0	0	0	0	0	1	0	13.8	0	1.1	0.9;
	103034696	1	0.0322983424	0.0103943194	0	0	0	1	0	13.8	0	1.1	0.9;
	103034703	1	0.0197272686	0.00623659165	0	0	0	1	0	13.8	0	1.1	0.9;
	103034710	1	0.0319500793	0.0103943194	0	0	0	1	0	13.8	0	1.1	0.9;
	103034717	1	0.0166321612	0.00512786424	0	0	0	1	0	13.8	0	1.1	0.9;
	103034724	1	0	0	0	0	0	1	0	13.8	0	1.1	0.9;
	103034731	1	0	0	0	0	0	1	0	13.8	0	1.1	0.9;
	103034738	1	0	0	0	0	0	1	0	13.8	0	1.1	0.9;
	103034745	1	0.0206381107	0.00623659165	0	0	0	1	0	13.8	0	1.1	0.9;
	103034752	1	0	0	0	0	0	1	0	13.8	0	1.1	0.9;
	103034759	1	0.0323787109	0.0103943194	0	0	0	1	0	13.8	0	1.1	0.9;
	103034766	1	0	0	0	0	0	1	0	13.8	0	1.1	0.9;
	103034773	1	0	0	0	0	0	1	0	13.8	0	1.1	0.9;
	103034780	1	0	0	0	0	0	1	0	13.8	0	1.1	0.9;
	103034787	1	0	0	0	0	0	1	0	13.8	0	1.1	0.9;
	103034794	1	0.032271553	0.0103943194	0	0	0	1	0	13.8	0	1.1	0.9;
	103034801	1	0	0	0	0	0	1	0	13.8	0	1.1	0.9;
	103034808	1	0.0614355271	0.0207886388	0	0	0	1	0	13.8	0	1.1	0.9;
	103034815	1	0	0	0	0	0	1	0	13.8	0	1.1	0.9;
	103034822	1	0.0136158633	0.00415772777	0	0	0	1	0	13.8	0	1.1	0.9;
	103034829	1	0	0	0	0	0	1	0	13.8	0	1.1	0.9;
	103034836	1	0.032271553	0.0103943194	0	0	0	1	0	13.8	0	1.1	0.9;
	103034843	1	0.0190843213	0.00623659165	0	0	0	1	0	13.8	0	1.1	0.9;
	103034850	1	0	0	0	0	0	1	0	13.8	0	1.1	0.9;
	103034857	1	0.128063712	0.0349829582	0	0	0	1	0	13.8	0	1.1	0.9;
	103034864	1	0	0	0	0	0	1	0	13.8	0	1.1	0.9;
	103034871	1	0.0326198161	0.0103943194	0	0	0	1	0	13.8	0	1.1	0.9;
	103034878	1	0	0	0	0	0	1	0	13.8	0	1.1	0.9;
