function CHAVESSistemaHuang2002 = CHAVESSistemaHuang2002_31()

CHAVESSistemaHuang2002 =[
1	1	2	1	0	1
2	2	3	1	0	1
3	3	4	1	0	1
5	4	5	1	1	1
7	5	6	1	1	1
9	6	7	1	1	1
10	7	8	1	1	1
11	8	9	1	1	1
12	9	10	1	1	1
14	10	11	1	1	1
15	10	54	1	1	1
16	11	12	1	1	1
17	12	13	1	1	1
20	13	14	1	1	1
22	14	15	1	1	1
24	15	16	1	1	1
26	16	17	1	1	1
27	17	18	1	1	1
28	18	19	1	1	1
29	19	20	1	1	1
30	20	21	1	1	1
31	21	22	1	1	1
32	22	23	1	1	1
33	23	24	1	1	1
34	24	25	1	1	1
35	25	26	1	1	1
36	26	27	1	1	1
37	27	28	1	1	1
38	28	66	1	1	0
61	54	55	1	1	1
62	55	56	1	1	1
63	56	57	1	1	1
64	57	58	1	1	1
65	58	59	1	1	1
66	59	60	1	1	1
67	60	61	1	1	1
68	61	62	1	1	1
69	62	63	1	1	1
70	63	64	1	1	1
71	64	65	1	1	1
72	65	66	1	1	1
];

end
