function [bus,branch,chaves] = Sis_84bus()

% No	Tipo	Vpu	Teta	Pcarga	Qcarga	Pger	Qger
bus=[
1	3	11.4	0	0	0	0	0
2	3	11.4	0	0	0	0	0
3	3	11.4	0	0	0	0	0
4	3	11.4	0	0	0	0	0
5	3	11.4	0	0	0	0	0
6	3	11.4	0	0	0	0	0
7	3	11.4	0	0	0	0	0
8	3	11.4	0	0	0	0	0
9	3	11.4	0	0	0	0	0
10	3	11.4	0	0	0	0	0
11	3	11.4	0	0	0	0	0
12	1	11.4	0	0	0	0	0
13	1	11.4	0	100	50	0	0
14	1	11.4	0	300	200	0	0
15	1	11.4	0	350	250	0	0
16	1	11.4	0	220	100	0	0
17	1	11.4	0	1100	800	0	0
18	1	11.4	0	400	320	0	0
19	1	11.4	0	300	200	0	0
20	1	11.4	0	300	230	0	0
21	1	11.4	0	300	260	0	0
22	1	11.4	0	0	0	0	0
23	1	11.4	0	1200	800	0	0
24	1	11.4	0	800	600	0	0
25	1	11.4	0	700	500	0	0
26	1	11.4	0	0	0	0	0
27	1	11.4	0	300	150	0	0
28	1	11.4	0	500	350	0	0
29	1	11.4	0	700	400	0	0
30	1	11.4	0	1200	1000	0	0
31	1	11.4	0	300	300	0	0
32	1	11.4	0	400	350	0	0
33	1	11.4	0	50	20	0	0
34	1	11.4	0	50	20	0	0
35	1	11.4	0	50	10	0	0
36	1	11.4	0	50	30	0	0
37	1	11.4	0	100	60	0	0
38	1	11.4	0	100	70	0	0
39	1	11.4	0	1800	1300	0	0
40	1	11.4	0	200	120	0	0
41	1	11.4	0	0	0	0	0
42	1	11.4	0	1800	1600	0	0
43	1	11.4	0	200	150	0	0
44	1	11.4	0	200	100	0	0
45	1	11.4	0	800	600	0	0
46	1	11.4	0	100	60	0	0
47	1	11.4	0	100	60	0	0
48	1	11.4	0	20	10	0	0
49	1	11.4	0	20	10	0	0
50	1	11.4	0	20	10	0	0
51	1	11.4	0	20	10	0	0
52	1	11.4	0	200	160	0	0
53	1	11.4	0	50	30	0	0
54	1	11.4	0	0	0	0	0
55	1	11.4	0	30	20	0	0
56	1	11.4	0	800	700	0	0
57	1	11.4	0	200	150	0	0
58	1	11.4	0	0	0	0	0
59	1	11.4	0	0	0	0	0
60	1	11.4	0	0	0	0	0
61	1	11.4	0	200	160	0	0
62	1	11.4	0	800	600	0	0
63	1	11.4	0	500	300	0	0
64	1	11.4	0	500	350	0	0
65	1	11.4	0	500	300	0	0
66	1	11.4	0	200	80	0	0
67	1	11.4	0	0	0	0	0
68	1	11.4	0	30	20	0	0
69	1	11.4	0	600	420	0	0
70	1	11.4	0	0	0	0	0
71	1	11.4	0	20	10	0	0
72	1	11.4	0	20	10	0	0
73	1	11.4	0	200	130	0	0
74	1	11.4	0	300	240	0	0
75	1	11.4	0	300	200	0	0
76	1	11.4	0	0	0	0	0
77	1	11.4	0	50	30	0	0
78	1	11.4	0	0	0	0	0
79	1	11.4	0	400	360	0	0
80	1	11.4	0	0	0	0	0
81	1	11.4	0	0	0	0	0
82	1	11.4	0	2000	1500	0	0
83	1	11.4	0	200	150	0	0
84	1	11.4	0	0	0	0	0
85	1	11.4	0	0	0	0	0
86	1	11.4	0	1200	950	0	0
87	1	11.4	0	300	180	0	0
88	1	11.4	0	0	0	0	0
89	1	11.4	0	400	360	0	0
90	1	11.4	0	2000	1300	0	0
91	1	11.4	0	200	140	0	0
92	1	11.4	0	500	360	0	0
93	1	11.4	0	100	30	0	0
94	1	11.4	0	400	360	0	0
];

% De	Para	R(ohm)	X(ohm)	Comprimento(km)	Ampacidade(A)
branch =[
1	12	0.1944	0.6624	1	655
12	13	0.2096	0.4304	1	655
13	14	0.2358	0.4842	1	655
14	15	0.0917	0.1883	1	655
15	16	0.2096	0.4304	1	655
16	17	0.0393	0.0807	1	655
17	18	0.0405	0.138	1	655
18	19	0.1048	0.2152	1	655
18	20	0.2358	0.4842	1	655
18	21	0.1048	0.2152	1	655
2	22	0.0786	0.1614	1	655
22	23	0.3406	0.6944	1	655
23	24	0.0262	0.0538	1	655
23	25	0.0786	0.1614	1	655
3	26	0.1134	0.3864	1	655
26	27	0.0524	0.1076	1	655
27	28	0.0524	0.1076	1	655
28	29	0.1572	0.3228	1	655
29	30	0.0393	0.0807	1	655
30	31	0.1703	0.3497	1	655
31	32	0.2358	0.4842	1	655
32	33	0.1572	0.3228	1	655
32	34	0.1965	0.4035	1	655
34	35	0.131	0.269	1	655
4	36	0.0567	0.1932	1	655
36	37	0.1048	0.2152	1	655
37	38	0.2489	0.5111	1	655
38	39	0.0489	0.165	1	655
39	40	0.131	0.269	1	655
5	41	0.1965	0.396	1	655
41	42	0.131	0.269	1	655
42	43	0.131	0.269	1	655
43	44	0.0262	0.0538	1	655
44	45	0.1703	0.3497	1	655
45	46	0.0524	0.1076	1	655
46	47	0.4978	1.0222	1	655
47	48	0.0393	0.0807	1	655
48	49	0.0393	0.0807	1	655
49	50	0.0786	0.1614	1	655
50	51	0.2096	0.4304	1	655
49	52	0.1965	0.4035	1	655
52	53	0.2096	0.4304	1	655
6	54	0.0486	0.1656	1	655
54	55	0.0393	0.0807	1	655
55	56	0.131	0.269	1	655
56	57	0.2358	0.4842	1	655
7	58	0.243	0.828	1	655
58	59	0.0655	0.1345	1	655
59	60	0.0655	0.1345	1	655
60	61	0.0393	0.0807	1	655
61	62	0.0786	0.1614	1	655
62	63	0.0393	0.0807	1	655
63	64	0.0786	0.1614	1	655
64	65	0.0524	0.1076	1	655
65	66	0.131	0.269	1	655
8	67	0.2268	0.7728	1	655
67	68	0.5371	1.1029	1	655
68	69	0.0524	0.1076	1	655
69	70	0.0405	0.138	1	655
70	71	0.0393	0.0807	1	655
71	72	0.0262	0.0538	1	655
72	73	0.1048	0.2152	1	655
73	74	0.2358	0.4842	1	655
74	75	0.0243	0.0828	1	655
9	76	0.0486	0.1656	1	655
76	77	0.1703	0.3497	1	655
77	78	0.1215	0.414	1	655
78	79	0.2187	0.7452	1	655
79	80	0.0486	0.1656	1	655
80	81	0.0729	0.2484	1	655
81	82	0.0567	0.1932	1	655
82	83	0.0262	0.0528	1	655
10	84	0.324	1.104	1	655
84	85	0.0324	0.1104	1	655
85	86	0.0567	0.1932	1	655
86	87	0.0486	0.1656	1	655
11	88	0.2511	0.8556	1	655
88	89	0.1296	0.4416	1	655
89	90	0.0486	0.1656	1	655
90	91	0.131	0.264	1	655
91	92	0.131	0.264	1	655
92	93	0.0917	0.1883	1	655
93	94	0.3144	0.6456	1	655
16	66	0.131	0.269	1	655
18	71	0.131	0.269	1	655
22	54	0.131	0.269	1	655
23	83	0.3406	0.6994	1	655
24	87	0.4585	0.9415	1	655
25	29	0.5371	1.0824	1	655
27	37	0.0917	0.1883	1	655
31	94	0.0786	0.1614	1	655
39	43	0.0524	0.1076	1	655
40	50	0.0786	0.1614	1	655
45	57	0.0262	0.0538	1	655
51	53	0.1965	0.4035	1	655
64	75	0.0393	0.0807	1	655
];

% IdLinha	No_Emissor	No_Receptor		Tipo		Operacional			Estado
%                                       (NA=1/NF=0)	(0-inativo,1-ativo)	(0-aberta,1-fechada)
chaves = [
1	1	12	1	1	1
2	12	13	1	1	1
3	13	14	1	1	1
4	14	15	1	1	1
5	15	16	1	1	1
6	16	17	1	1	1
7	17	18	1	1	1
8	18	19	1	0	1
9	18	20	1	0	1
10	18	21	1	0	1
11	2	22	1	1	1
12	22	23	1	1	1
13	23	24	1	1	1
14	23	25	1	1	1
15	3	26	1	1	1
16	26	27	1	1	1
17	27	28	1	1	1
18	28	29	1	1	1
19	29	30	1	1	1
20	30	31	1	1	1
21	31	32	1	0	1
22	32	33	1	0	1
23	32	34	1	0	1
24	34	35	1	0	1
25	4	36	1	1	1
26	36	37	1	1	1
27	37	38	1	1	1
28	38	39	1	1	1
29	39	40	1	1	1
30	5	41	1	1	1
31	41	42	1	1	1
32	42	43	1	1	1
33	43	44	1	1	1
34	44	45	1	1	1
35	45	46	1	1	1
36	46	47	1	1	1
37	47	48	1	1	1
38	48	49	1	1	1
39	49	50	1	1	1
40	50	51	1	1	1
41	49	52	1	1	1
42	52	53	1	1	1
43	6	54	1	1	1
44	54	55	1	1	1
45	55	56	1	1	1
46	56	57	1	1	1
47	7	58	1	1	1
48	58	59	1	1	1
49	59	60	1	1	1
50	60	61	1	1	1
51	61	62	1	1	1
52	62	63	1	1	1
53	63	64	1	1	1
54	64	65	1	1	1
55	65	66	1	1	1
56	8	67	1	1	1
57	67	68	1	1	1
58	68	69	1	1	1
59	69	70	1	1	1
60	70	71	1	1	1
61	71	72	1	1	1
62	72	73	1	1	1
63	73	74	1	1	1
64	74	75	1	1	1
65	9	76	1	1	1
66	76	77	1	1	1
67	77	78	1	1	1
68	78	79	1	1	1
69	79	80	1	1	1
70	80	81	1	1	1
71	81	82	1	1	1
72	82	83	1	1	1
73	10	84	1	1	1
74	84	85	1	1	1
75	85	86	1	1	1
76	86	87	1	1	1
77	11	88	1	1	1
78	88	89	1	1	1
79	89	90	1	1	1
80	90	91	1	1	1
81	91	92	1	1	1
82	92	93	1	1	1
83	93	94	1	1	1
84	16	66	1	1	0
85	18	71	1	1	0
86	22	54	1	1	0
87	23	83	1	1	0
88	24	87	1	1	0
89	25	29	1	1	0
90	27	37	1	1	0
91	31	94	1	1	0
92	39	43	1	1	0
93	40	50	1	1	0
94	45	57	1	1	0
95	51	53	1	1	0
96	64	75	1	1	0
];

end