function [bus,branch,chaves] = Sis_119bus()

% No	Tipo	Vpu	Teta	Pcarga	Qcarga	Pger	Qger
bus = [
119	1	11	0	0	0	0	0
1	3	11	0	0	0	0	0
2	1	11	0	133.84	101.14	0	0
3	1	11	0	16.214	11.292	0	0
4	1	11	0	34.315	21.845	0	0
5	1	11	0	73.016	63.602	0	0
6	1	11	0	144.2	68.604	0	0
7	1	11	0	104.47	61.725	0	0
8	1	11	0	28.547	11.503	0	0
9	1	11	0	87.56	51.073	0	0
10	1	11	0	198.2	106.77	0	0
11	1	11	0	146.8	75.995	0	0
12	1	11	0	26.04	18.687	0	0
13	1	11	0	52.1	23.22	0	0
14	1	11	0	141.9	117.5	0	0
15	1	11	0	21.87	28.79	0	0
16	1	11	0	33.37	26.45	0	0
17	1	11	0	32.43	25.23	0	0
18	1	11	0	20.234	11.906	0	0
19	1	11	0	156.94	78.523	0	0
20	1	11	0	546.29	351.4	0	0
21	1	11	0	180.31	164.2	0	0
22	1	11	0	93.167	54.594	0	0
23	1	11	0	85.18	39.65	0	0
24	1	11	0	168.1	95.178	0	0
25	1	11	0	125.11	150.22	0	0
26	1	11	0	16.03	24.62	0	0
27	1	11	0	26.03	24.62	0	0
28	1	11	0	594.56	522.62	0	0
29	1	11	0	120.62	59.117	0	0
30	1	11	0	102.38	99.554	0	0
31	1	11	0	513.4	318.5	0	0
32	1	11	0	475.25	456.14	0	0
33	1	11	0	151.43	136.79	0	0
34	1	11	0	205.38	83.302	0	0
35	1	11	0	131.6	93.082	0	0
36	1	11	0	448.4	369.79	0	0
37	1	11	0	440.52	321.64	0	0
38	1	11	0	112.54	55.134	0	0
39	1	11	0	53.963	38.998	0	0
40	1	11	0	393.05	342.6	0	0
41	1	11	0	326.74	278.56	0	0
42	1	11	0	536.26	240.24	0	0
43	1	11	0	76.247	66.562	0	0
44	1	11	0	53.52	39.76	0	0
45	1	11	0	40.328	31.964	0	0
46	1	11	0	39.653	20.758	0	0
47	1	11	0	66.195	42.361	0	0
48	1	11	0	73.904	51.653	0	0
49	1	11	0	114.77	57.965	0	0
50	1	11	0	918.37	1205.1	0	0
51	1	11	0	210.3	146.66	0	0
52	1	11	0	66.68	56.608	0	0
53	1	11	0	42.207	40.184	0	0
54	1	11	0	433.74	283.41	0	0
55	1	11	0	62.1	26.86	0	0
56	1	11	0	92.46	88.38	0	0
57	1	11	0	85.188	55.436	0	0
58	1	11	0	345.3	332.4	0	0
59	1	11	0	22.5	16.83	0	0
60	1	11	0	80.551	49.156	0	0
61	1	11	0	95.86	90.758	0	0
62	1	11	0	62.92	47.7	0	0
63	1	11	0	478.8	463.74	0	0
64	1	11	0	120.94	52.006	0	0
65	1	11	0	139.11	100.34	0	0
66	1	11	0	391.78	193.5	0	0
67	1	11	0	27.741	26.713	0	0
68	1	11	0	52.814	25.257	0	0
69	1	11	0	66.89	38.713	0	0
70	1	11	0	467.5	395.14	0	0
71	1	11	0	594.85	239.74	0	0
72	1	11	0	132.5	84.363	0	0
73	1	11	0	52.699	22.482	0	0
74	1	11	0	869.79	614.775	0	0
75	1	11	0	31.349	29.817	0	0
76	1	11	0	192.39	122.43	0	0
77	1	11	0	65.75	45.37	0	0
78	1	11	0	238.15	223.22	0	0
79	1	11	0	294.55	162.47	0	0
80	1	11	0	485.57	437.92	0	0
81	1	11	0	243.53	183.03	0	0
82	1	11	0	243.53	183.03	0	0
83	1	11	0	134.25	119.29	0	0
84	1	11	0	22.71	27.96	0	0
85	1	11	0	49.513	26.515	0	0
86	1	11	0	383.78	257.16	0	0
87	1	11	0	49.64	20.6	0	0
88	1	11	0	22.473	11.806	0	0
89	1	11	0	62.93	42.96	0	0
90	1	11	0	30.67	34.93	0	0
91	1	11	0	62.53	66.79	0	0
92	1	11	0	114.57	81.748	0	0
93	1	11	0	81.292	66.526	0	0
94	1	11	0	31.733	15.96	0	0
95	1	11	0	33.32	60.48	0	0
96	1	11	0	531.28	224.85	0	0
97	1	11	0	507.03	367.42	0	0
98	1	11	0	26.39	11.7	0	0
99	1	11	0	45.99	30.392	0	0
100	1	11	0	100.66	47.572	0	0
101	1	11	0	456.48	350.3	0	0
102	1	11	0	522.56	449.29	0	0
103	1	11	0	408.43	168.46	0	0
104	1	11	0	141.48	134.25	0	0
105	1	11	0	104.43	66.024	0	0
106	1	11	0	96.793	83.647	0	0
107	1	11	0	493.92	419.34	0	0
108	1	11	0	225.38	135.88	0	0
109	1	11	0	509.21	387.21	0	0
110	1	11	0	188.5	173.46	0	0
111	1	11	0	918.03	898.55	0	0
112	1	11	0	305.08	215.37	0	0
113	1	11	0	54.38	40.97	0	0
114	1	11	0	211.14	192.9	0	0
115	1	11	0	67.009	53.336	0	0
116	1	11	0	162.07	90.321	0	0
117	1	11	0	48.785	29.156	0	0
118	1	11	0	33.9	18.98	0	0
];

% 
% % numeracao original sem barras 28, 39,57,92, 104
% barras = [
% 124	1	11	0	0	0	0	0
% 1	3	11	0	0	0	0	0
% 2	1	11	0	133.84	101.14	0	0
% 3	1	11	0	16.214	11.292	0	0
% 4	1	11	0	34.315	21.845	0	0
% 5	1	11	0	73.016	63.602	0	0
% 6	1	11	0	144.2	68.604	0	0
% 7	1	11	0	104.47	61.725	0	0
% 8	1	11	0	28.547	11.503	0	0
% 9	1	11	0	87.56	51.073	0	0
% 10	1	11	0	198.2	106.77	0	0
% 11	1	11	0	146.8	75.995	0	0
% 12	1	11	0	26.04	18.687	0	0
% 13	1	11	0	52.1	23.22	0	0
% 14	1	11	0	141.9	117.5	0	0
% 15	1	11	0	21.87	28.79	0	0
% 16	1	11	0	33.37	26.45	0	0
% 17	1	11	0	32.43	25.23	0	0
% 18	1	11	0	20.234	11.906	0	0
% 19	1	11	0	156.94	78.523	0	0
% 20	1	11	0	546.29	351.4	0	0
% 21	1	11	0	180.31	164.2	0	0
% 22	1	11	0	93.167	54.594	0	0
% 23	1	11	0	85.18	39.65	0	0
% 24	1	11	0	168.1	95.178	0	0
% 25	1	11	0	125.11	150.22	0	0
% 26	1	11	0	16.03	24.62	0	0
% 27	1	11	0	26.03	24.62	0	0
% 29	1	11	0	594.56	522.62	0	0
% 30	1	11	0	120.62	59.117	0	0
% 31	1	11	0	102.38	99.554	0	0
% 32	1	11	0	513.4	318.5	0	0
% 33	1	11	0	475.25	456.14	0	0
% 34	1	11	0	151.43	136.79	0	0
% 35	1	11	0	205.38	83.302	0	0
% 36	1	11	0	131.6	93.082	0	0
% 37	1	11	0	448.4	369.79	0	0
% 38	1	11	0	440.52	321.64	0	0
% 40	1	11	0	112.54	55.134	0	0
% 41	1	11	0	53.963	38.998	0	0
% 42	1	11	0	393.05	342.6	0	0
% 43	1	11	0	326.74	278.56	0	0
% 44	1	11	0	536.26	240.24	0	0
% 45	1	11	0	76.247	66.562	0	0
% 46	1	11	0	53.52	39.76	0	0
% 47	1	11	0	40.328	31.964	0	0
% 48	1	11	0	39.653	20.758	0	0
% 49	1	11	0	66.195	42.361	0	0
% 50	1	11	0	73.904	51.653	0	0
% 51	1	11	0	114.77	57.965	0	0
% 52	1	11	0	918.37	1205.1	0	0
% 53	1	11	0	210.3	146.66	0	0
% 54	1	11	0	66.68	56.608	0	0
% 55	1	11	0	42.207	40.184	0	0
% 56	1	11	0	433.74	283.41	0	0
% 58	1	11	0	62.1	26.86	0	0
% 59	1	11	0	92.46	88.38	0	0
% 60	1	11	0	85.188	55.436	0	0
% 61	1	11	0	345.3	332.4	0	0
% 62	1	11	0	22.5	16.83	0	0
% 63	1	11	0	80.551	49.156	0	0
% 64	1	11	0	95.86	90.758	0	0
% 65	1	11	0	62.92	47.7	0	0
% 66	1	11	0	478.8	463.74	0	0
% 67	1	11	0	120.94	52.006	0	0
% 68	1	11	0	139.11	100.34	0	0
% 69	1	11	0	391.78	193.5	0	0
% 70	1	11	0	27.741	26.713	0	0
% 71	1	11	0	52.814	25.257	0	0
% 72	1	11	0	66.89	38.713	0	0
% 73	1	11	0	467.5	395.14	0	0
% 74	1	11	0	594.85	239.74	0	0
% 75	1	11	0	132.5	84.363	0	0
% 76	1	11	0	52.699	22.482	0	0
% 77	1	11	0	869.79	614.775	0	0
% 78	1	11	0	31.349	29.817	0	0
% 79	1	11	0	192.39	122.43	0	0
% 80	1	11	0	65.75	45.37	0	0
% 81	1	11	0	238.15	223.22	0	0
% 82	1	11	0	294.55	162.47	0	0
% 83	1	11	0	485.57	437.92	0	0
% 84	1	11	0	243.53	183.03	0	0
% 85	1	11	0	243.53	183.03	0	0
% 86	1	11	0	134.25	119.29	0	0
% 87	1	11	0	22.71	27.96	0	0
% 88	1	11	0	49.513	26.515	0	0
% 89	1	11	0	383.78	257.16	0	0
% 90	1	11	0	49.64	20.6	0	0
% 91	1	11	0	22.473	11.806	0	0
% 93	1	11	0	62.93	42.96	0	0
% 94	1	11	0	30.67	34.93	0	0
% 95	1	11	0	62.53	66.79	0	0
% 96	1	11	0	114.57	81.748	0	0
% 97	1	11	0	81.292	66.526	0	0
% 98	1	11	0	31.733	15.96	0	0
% 99	1	11	0	33.32	60.48	0	0
% 100	1	11	0	531.28	224.85	0	0
% 101	1	11	0	507.03	367.42	0	0
% 102	1	11	0	26.39	11.7	0	0
% 103	1	11	0	45.99	30.392	0	0
% 105	1	11	0	100.66	47.572	0	0
% 106	1	11	0	456.48	350.3	0	0
% 107	1	11	0	522.56	449.29	0	0
% 108	1	11	0	408.43	168.46	0	0
% 109	1	11	0	141.48	134.25	0	0
% 110	1	11	0	104.43	66.024	0	0
% 111	1	11	0	96.793	83.647	0	0
% 112	1	11	0	493.92	419.34	0	0
% 113	1	11	0	225.38	135.88	0	0
% 114	1	11	0	509.21	387.21	0	0
% 115	1	11	0	188.5	173.46	0	0
% 116	1	11	0	918.03	898.55	0	0
% 117	1	11	0	305.08	215.37	0	0
% 118	1	11	0	54.38	40.97	0	0
% 119	1	11	0	211.14	192.9	0	0
% 120	1	11	0	67.009	53.336	0	0
% 121	1	11	0	162.07	90.321	0	0
% 122	1	11	0	48.785	29.156	0	0
% 123	1	11	0	33.9	18.98	0	0
% ];

% De	Para	R(ohm)	X(ohm)	Comprimento(km)	Ampacidade(A)
