function [barras,branch,chaves] = Sis_136bus()

% No	Tipo	Vpu	Teta	Pcarga	Qcarga	Pger	Qger
barras = [
1	1	13.8	0	0	0	0	0 % tipo 3 
2	1	13.8	0	47.78	19.009	0	0
3	1	13.8	0	42.551	16.929	0	0
4	1	13.8	0	87.022	34.622	0	0
5	1	13.8	0	311.31	123.855	0	0
6	1	13.8	0	148.869	59.228	0	0
7	1	13.8	0	238.672	94.956	0	0
8	1	13.8	0	62.299	24.786	0	0
9	1	13.8	0	124.598	49.571	0	0
10	1	13.8	0	140.175	55.768	0	0
11	1	13.8	0	116.813	46.474	0	0
12	1	13.8	0	249.203	99.145	0	0
13	1	13.8	0	291.447	115.952	0	0
14	1	13.8	0	303.72	120.835	0	0
15	1	13.8	0	215.396	85.695	0	0
16	1	13.8	0	198.586	79.007	0	0
17	1	13.8	0	0	0	0	0 % tipo 3 
18	1	13.8	0	0	0	0	0
19	1	13.8	0	0	0	0	0
20	1	13.8	0	30.127	14.729	0	0
21	1	13.8	0	230.972	112.92	0	0
22	1	13.8	0	60.256	29.458	0	0
23	1	13.8	0	230.972	112.92	0	0
24	1	13.8	0	120.507	58.915	0	0
25	1	13.8	0	0	0	0	0
26	1	13.8	0	56.981	27.857	0	0
27	1	13.8	0	364.665	178.281	0	0
28	1	13.8	0	0	0	0	0
29	1	13.8	0	124.647	60.939	0	0
30	1	13.8	0	56.981	27.857	0	0
31	1	13.8	0	0	0	0	0
32	1	13.8	0	85.473	41.787	0	0
33	1	13.8	0	0	0	0	0
34	1	13.8	0	396.735	193.96	0	0
35	1	13.8	0	0	0	0	0
36	1	13.8	0	181.152	88.563	0	0
37	1	13.8	0	242.172	118.395	0	0
38	1	13.8	0	75.316	36.821	0	0
39	1	13.8	0	0	0	0	0 % tipo 3 
40	1	13.8	0	1.254	0.531	0	0
41	1	13.8	0	6.274	2.66	0	0
42	1	13.8	0	0	0	0	0
43	1	13.8	0	117.88	49.971	0	0
44	1	13.8	0	62.668	26.566	0	0
45	1	13.8	0	172.285	73.034	0	0
46	1	13.8	0	458.556	194.388	0	0
47	1	13.8	0	262.962	111.473	0	0
48	1	13.8	0	235.761	99.942	0	0
49	1	13.8	0	0	0	0	0
50	1	13.8	0	109.215	46.298	0	0
51	1	13.8	0	0	0	0	0
52	1	13.8	0	72.809	30.865	0	0
53	1	13.8	0	258.473	109.57	0	0
54	1	13.8	0	69.169	29.322	0	0
55	1	13.8	0	21.843	9.26	0	0
56	1	13.8	0	0	0	0	0
57	1	13.8	0	20.527	8.702	0	0
58	1	13.8	0	150.548	63.819	0	0
59	1	13.8	0	220.687	93.552	0	0
60	1	13.8	0	92.384	39.163	0	0
61	1	13.8	0	0	0	0	0
62	1	13.8	0	226.693	96.098	0	0
63	1	13.8	0	0	0	0	0 % tipo 3 
64	1	13.8	0	294.016	116.974	0	0
65	1	13.8	0	83.015	33.028	0	0
66	1	13.8	0	83.015	33.028	0	0
67	1	13.8	0	103.77	41.285	0	0
68	1	13.8	0	176.408	70.184	0	0
69	1	13.8	0	83.015	33.028	0	0
70	1	13.8	0	217.917	86.698	0	0
71	1	13.8	0	23.294	9.267	0	0
72	1	13.8	0	5.075	2.019	0	0
73	1	13.8	0	72.638	28.899	0	0
74	1	13.8	0	405.99	161.523	0	0
75	1	13.8	0	0	0	0	0 % tipo 3 
76	1	13.8	0	100.182	42.468	0	0
77	1	13.8	0	142.523	60.417	0	0
78	1	13.8	0	96.042	40.713	0	0
79	1	13.8	0	300.454	127.366	0	0
80	1	13.8	0	141.238	59.873	0	0
81	1	13.8	0	279.847	118.631	0	0
82	1	13.8	0	87.312	37.013	0	0
83	1	13.8	0	243.849	103.371	0	0
84	1	13.8	0	247.75	105.025	0	0
85	1	13.8	0	0	0	0	0 % tipo 3 
86	1	13.8	0	89.878	38.101	0	0
87	1	13.8	0	1137.28	482.108	0	0
88	1	13.8	0	458.339	194.296	0	0
89	1	13.8	0	385.197	163.29	0	0
90	1	13.8	0	0	0	0	0
91	1	13.8	0	79.608	33.747	0	0
92	1	13.8	0	87.312	37.013	0	0
93	1	13.8	0	0	0	0	0
94	1	13.8	0	74.001	31.37	0	0
95	1	13.8	0	232.05	98.369	0	0
96	1	13.8	0	141.819	60.119	0	0
97	1	13.8	0	0	0	0	0
98	1	13.8	0	76.449	32.408	0	0
99	1	13.8	0	0	0	0	0 % tipo 3 
100	1	13.8	0	51.322	21.756	0	0
101	1	13.8	0	59.874	25.381	0	0
102	1	13.8	0	9.065	3.843	0	0
103	1	13.8	0	2.092	0.887	0	0
104	1	13.8	0	16.735	7.094	0	0
105	1	13.8	0	1506.522	638.634	0	0
106	1	13.8	0	313.023	132.694	0	0
107	1	13.8	0	79.831	33.842	0	0
108	1	13.8	0	51.322	21.756	0	0
109	1	13.8	0	0	0	0	0
110	1	13.8	0	202.435	85.815	0	0
111	1	13.8	0	60.823	25.784	0	0
112	1	13.8	0	45.618	19.338	0	0
113	1	13.8	0	0	0	0	0
114	1	13.8	0	157.07	66.584	0	0
115	1	13.8	0	0	0	0	0
116	1	13.8	0	250.148	106.041	0	0
117	1	13.8	0	0	0	0	0
118	1	13.8	0	69.809	29.593	0	0
119	1	13.8	0	32.072	13.596	0	0
120	1	13.8	0	61.084	25.894	0	0
121	1	13.8	0	0	0	0	0 % tipo 3 
122	1	13.8	0	94.622	46.26	0	0
123	1	13.8	0	49.858	24.375	0	0
124	1	13.8	0	123.164	60.214	0	0
125	1	13.8	0	78.35	38.304	0	0
126	1	13.8	0	145.475	71.121	0	0
127	1	13.8	0	21.369	10.447	0	0
128	1	13.8	0	74.789	36.564	0	0
129	1	13.8	0	227.926	111.431	0	0
130	1	13.8	0	35.614	17.411	0	0
131	1	13.8	0	249.295	121.877	0	0
132	1	13.8	0	316.722	154.842	0	0
133	1	13.8	0	333.817	163.199	0	0
134	1	13.8	0	249.295	121.877	0	0
135	1	13.8	0	0	0	0	0
136	3	13.8	0	0	0	0	0
];

% De	Para	R(pus)	X(pus)	Comprimento(km)	Ampacidade(A)
