function [bus,branch,chaves] = Sis_16bus()

% No	Tipo	Vpu	Teta	Pcarga	Qcarga	Pger	Qger
bus = [
1	3	21.0	0	0	0	0	0
2	3	21.0	0	0	0	0	0
3	3	21.0	0	0	0	0	0
4	1	21.0	0	2000	1600	0	0
5	1	21.0	0	3000	400	0	0
6	1	21.0	0	2000	-400	0	0
7	1	21.0	0	1500	1200	0	0
8	1	21.0	0	4000	2700	0	0
9	1	21.0	0	5000	1800	0	0
10	1	21.0	0	1000	900	0	0
11	1	21.0	0	600		-500	0	0
12	1	21.0	0	4500	-1700	0	0
13	1	21.0	0	1000	900	0	0
14	1	21.0	0	1000	-1100	0	0
15	1	21.0	0	1000	900	0	0
16	1	21.0	0	2100	-800	0	0
];

% % De	Para	R(ohm)	X(ohm)	Comprimento(km)	Ampacidade(A)
branch = [
1	4	0.39675	0.529	1	1200
4	6	0.4761	0.9522	1	1200
4	5	0.4232	0.5819	1	1200
5	11	0.2116	0.2116	1	1200
6	7	0.2116	0.2116	1	1200
9	11	0.5819	0.5819	1	1200
2	8	0.5819	0.5819	1	1200
8	9	0.4232	0.5819	1	1200
8	10	0.5819	0.5819	1	1200
9	12	0.4232	0.5819	1	1200
7	16	0.4761	0.6348	1	1200
15	16	0.2116	0.2116	1	1200
10	14	0.2116	0.2116	1	1200
13	14	0.4761	0.6348	1	1200
3	13	0.5819	0.5819	1	1200
13	15	0.4232	0.5819	1	1200
];

% % representacao de resistencias em pu (conforme artigo) Zbase = 23^2/100
% SistemaZhu20023fontes = [
% 1	4	0.075	0.1     1	1200
% 4	6	0.09	0.18	1	1200
% 4	5	0.08	0.11	1	1200
% 5	11	0.04	0.04	1	1200
% 6	7	0.04	0.04	1	1200
% 9	11	0.11	0.11	1	1200
% 2	8	0.11	0.11	1	1200
% 8	9	0.08	0.11	1	1200
% 8	10	0.11	0.11	1	1200
% 9	12	0.08	0.11	1	1200
% 7	16	0.09	0.12	1	1200
% 15	16	0.04	0.04	1	1200
% 10	14	0.04	0.04	1	1200
% 13	14	0.09	0.12	1	1200
% 3	13	0.11	0.11	1	1200
% 13	15	0.08	0.11	1	1200
% ];

% IdLinha	No_Emissor	No_Receptor		Tipo		Operacional			Estado
%                                       (NA=1/NF=0)	(0-inativo,1-ativo)	(0-aberta,1-fechada)
chaves = [
1	1	4	1	1	1
2	4	6	1	1	1
3	4	5	1	1	1
4	5	11	1	1	0
5	6	7	1	1	1
6	9	11	1	1	1
7	2	8	1	1	1
8	8	9	1	1	1
9	8	10	1	1	1
10	9	12	1	1	1
11	7	16	1	1	0
12	15	16	1	1	1
13	10	14	1	1	0
14	13	14	1	1	1
15	3	13	1	1	1
16	13	15	1	1	1];
end