function [bus,branch,chaves] = Sis_69bus()

% No	Tipo	Vpu	Teta	Pcarga	Qcarga	Pger	Qger
bus =[
1	3	12.66	0	0	0	0	0
2	1	12.66	0	0	0	0	0
3	1	12.66	0	0	0	0	0
4	1	12.66	0	0	0	0	0
5	1	12.66	0	0	0	0	0
6	1	12.66	0	2.6	2.2	0	0
7	1	12.66	0	40.4	30	0	0
8	1	12.66	0	75	54	0	0
9	1	12.66	0	30	22	0	0
10	1	12.66	0	28	19	0	0
11	1	12.66	0	145	104	0	0
12	1	12.66	0	145	104	0	0
13	1	12.66	0	8	5.5	0	0
14	1	12.66	0	8	5.5	0	0
15	1	12.66	0	0	0	0	0
16	1	12.66	0	45.5	30	0	0
17	1	12.66	0	60	35	0	0
18	1	12.66	0	60	35	0	0
19	1	12.66	0	0	0	0	0
20	1	12.66	0	1	0.6	0	0
21	1	12.66	0	114	81	0	0
22	1	12.66	0	5.3	3.5	0	0
23	1	12.66	0	0	0	0	0
24	1	12.66	0	28	20	0	0
25	1	12.66	0	0	0	0	0
26	1	12.66	0	14	10	0	0
27	1	12.66	0	14	10	0	0
28	1	12.66	0	26	18.6	0	0
29	1	12.66	0	26	18.6	0	0
30	1	12.66	0	0	0	0	0
31	1	12.66	0	0	0	0	0
32	1	12.66	0	0	0	0	0
33	1	12.66	0	14	10	0	0
34	1	12.66	0	19.5	14	0	0
35	1	12.66	0	6	4	0	0
36	1	12.66	0	26	18.6	0	0
37	1	12.66	0	26	18.6	0	0
38	1	12.66	0	0	0	0	0
39	1	12.66	0	24	17	0	0
40	1	12.66	0	24	17	0	0
41	1	12.66	0	1.2	1	0	0
42	1	12.66	0	0	0	0	0
43	1	12.66	0	6	4.3	0	0
44	1	12.66	0	0	0	0	0
45	1	12.66	0	39.22	26.3	0	0 % case69.m 39.2
46	1	12.66	0	39.22	26.3	0	0 % case69.m 39.2
47	1	12.66	0	0	0	0	0
48	1	12.66	0	79	56.4	0	0
49	1	12.66	0	384.7	274.5	0	0
50	1	12.66	0	384.7	274.5	0	0
51	1	12.66	0	40.5	28.3	0	0
52	1	12.66	0	3.6	2.7	0	0
53	1	12.66	0	4.35	3.5	0	0 % case69.m 4.3
54	1	12.66	0	26.4	19	0	0 
55	1	12.66	0	24	17.2	0	0
56	1	12.66	0	0	0	0	0
57	1	12.66	0	0	0	0	0
58	1	12.66	0	0	0	0	0
59	1	12.66	0	100	72	0	0
60	1	12.66	0	0	0	0	0
61	1	12.66	0	1244	888	0	0
62	1	12.66	0	32	23	0	0
63	1	12.66	0	0	0	0	0
64	1	12.66	0	227	162	0	0
65	1	12.66	0	59	42	0	0
66	1	12.66	0	18	13	0	0
67	1	12.66	0	18	13	0	0
68	1	12.66	0	28	20	0	0
69	1	12.66	0	28	20	0	0
];

% % De	Para	R(ohm)	X(ohm)	Comprimento(km)	Ampacidade(A)
branch = [
1	2	0.0005	0.0012	1	999
2	3	0.0005	0.0012	1	999
3	4	0.0015	0.0036	1	999
4	5	0.0251	0.0294	1	999
5	6	0.366	0.1864	1	999
6	7	0.381	0.1941	1	999
7	8	0.0922	0.047	1	999
8	9	0.0493	0.0251	1	999
9	10	0.819	0.2707	1	999
10	11	0.1872	0.0619	1	999
11	12	0.7114	0.2351	1	999
12	13	1.03	0.34	1	999
13	14	1.044	0.34	1	999
14	15	1.058	0.3496	1	999
15	16	0.1966	0.065	1	999
16	17	0.3744	0.1238	1	999
17	18	0.0047	0.0016	1	999
18	19	0.3276	0.1083	1	999
19	20	0.2106	0.069	1	999
20	21	0.3416	0.1129	1	999
21	22	0.014	0.0046	1	999
22	23	0.1591	0.0526	1	999
23	24	0.3463	0.1145	1	999
24	25	0.7488	0.2475	1	999
25	26	0.3089	0.1021	1	999
26	27	0.1732	0.0572	1	999
3	28	0.0044	0.0108	1	999
28	29	0.064	0.1565	1	999
29	30	0.3978	0.1315	1	999
30	31	0.0702	0.0232	1	999
31	32	0.351	0.116	1	999
32	33	0.839	0.2816	1	999
33	34	1.708	0.5646	1	999
34	35	1.474	0.4873	1	999
3	36	0.0044	0.0108	1	999
36	37	0.064	0.1565	1	999
37	38	0.1053	0.123	1	999
38	39	0.0304	0.0355	1	999
39	40	0.0018	0.0021	1	999
40	41	0.7283	0.8509	1	999
41	42	0.31	0.3623	1	999
42	43	0.041	0.0478	1	999
43	44	0.0092	0.0116	1	999
44	45	0.1089	0.1373	1	999
45	46	0.0009	0.0012	1	999
4	47	0.0034	0.0084	1	999
47	48	0.0851	0.2083	1	999
48	49	0.2898	0.7091	1	999
49	50	0.0822	0.2011	1	999
8	51	0.0928	0.0473	1	999
51	52	0.3319	0.114	1	999
9	53	0.174	0.0886	1	999
53	54	0.203	0.1034	1	999
54	55	0.2842	0.1447	1	999
55	56	0.2813	0.1433	1	999
56	57	1.59	0.5337	1	999
57	58	0.7837	0.263	1	999
58	59	0.3042	0.1006	1	999
59	60	0.3861	0.1172	1	999
60	61	0.5075	0.2585	1	999
61	62	0.0974	0.0496	1	999
62	63	0.145	0.0738	1	999
63	64	0.7105	0.3619	1	999
64	65	1.041	0.5302	1	999
11	66	0.2012	0.0611	1	999
66	67	0.0047	0.0014	1	999
12	68	0.7394	0.2444	1	999
68	69	0.0047	0.0016	1	999
11	43	0.5	0.5	1	999
13	21	0.5	0.5	1	999
15	46	1	0.5	1	999
50	59	2	1	1	999
27	65	1	0.5	1	999
];

% IdLinha	No_Emissor	No_Receptor		Tipo		Operacional			Estado
%                                       (NA=1/NF=0)	(0-inativo,1-ativo)	(0-aberta,1-fechada)
chaves = [
1	1	2	1	1	1
2	2	3	1	1	1
3	3	4	1	1	1
4	4	5	1	1	1
5	5	6	1	1	1
6	6	7	1	1	1
7	7	8	1	1	1
8	8	9	1	1	1
9	9	10	1	1	1
10	10	11	1	1	1
11	11	12	1	1	1
12	12	13	1	1	1
13	13	14	1	1	1
14	14	15	1	1	1
15	15	16	1	1	1
16	16	17	1	1	1
17	17	18	1	1	1
18	18	19	1	1	1
19	19	20	1	1	1
20	20	21	1	1	1
21	21	22	1	1	1
22	22	23	1	1	1
23	23	24	1	1	1
24	24	25	1	1	1
25	25	26	1	1	1
26	26	27	1	1	1
27	3	28	1	1	1
28	28	29	1	1	1
29	29	30	1	1	1
30	30	31	1	1	1
31	31	32	1	1	1
32	32	33	1	1	1
33	33	34	1	1	1
34	34	35	1	1	1
35	3	36	1	1	1
36	36	37	1	1	1
37	37	38	1	1	1
38	38	39	1	1	1
39	39	40	1	1	1
40	40	41	1	1	1
41	41	42	1	1	1
42	42	43	1	1	1
43	43	44	1	1	1
44	44	45	1	1	1
45	45	46	1	1	1
46	4	47	1	1	1
47	47	48	1	1	1
48	48	49	1	1	1
49	49	50	1	1	1
50	8	51	1	1	1
51	51	52	1	1	1
52	9	53	1	1	1
53	53	54	1	1	1
54	54	55	1	1	1
55	55	56	1	1	1
56	56	57	1	1	1
57	57	58	1	1	1
58	58	59	1	1	1
59	59	60	1	1	1
60	60	61	1	1	1
61	61	62	1	1	1
62	62	63	1	1	1
63	63	64	1	1	1
64	64	65	1	1	1
65	11	66	1	1	1
66	66	67	1	1	1
67	12	68	1	1	1
68	68	69	1	1	1
69	11	43	1	1	0
70	13	21	1	1	0
71	15	46	1	1	0
72	50	59	1	1	0
73	27	65	1	1	0
];

end