function [bus,branch,chaves]  = Sis_70bus()

% No	Tipo	Vpu	Teta	Pcarga	Qcarga	Pger	Qger
bus =[
1	3	12.66	0	0	0	0	0
2	1	12.66	0	0	0	0	0
3	1	12.66	0	0	0	0	0
4	1	12.66	0	0	0	0	0
5	1	12.66	0	0	0	0	0
6	1	12.66	0	2.6	2.2	0	0
7	1	12.66	0	40.4	30	0	0
8	1	12.66	0	75	54	0	0
9	1	12.66	0	30	22	0	0
10	1	12.66	0	28	19	0	0
11	1	12.66	0	145	104	0	0
12	1	12.66	0	145	104	0	0
13	1	12.66	0	8	5.5	0	0
14	1	12.66	0	8	5.5	0	0
15	1	12.66	0	0	0	0	0
16	1	12.66	0	45.5	30	0	0
17	1	12.66	0	60	35	0	0
18	1	12.66	0	60	35	0	0
19	1	12.66	0	0	0	0	0
20	1	12.66	0	1	0.6	0	0
21	1	12.66	0	114	81	0	0
22	1	12.66	0	5.3	3.5	0	0
23	1	12.66	0	0	0	0	0
24	1	12.66	0	28	20	0	0
25	1	12.66	0	0	0	0	0
26	1	12.66	0	14	10	0	0
27	1	12.66	0	14	10	0	0
28	1	12.66	0	26	18.6	0	0
29	1	12.66	0	26	18.6	0	0
30	1	12.66	0	0	0	0	0
31	1	12.66	0	0	0	0	0
32	1	12.66	0	0	0	0	0
33	1	12.66	0	14	10	0	0
34	1	12.66	0	19.5	14	0	0
35	1	12.66	0	6	4	0	0
36	1	12.66	0	26	18.55	0	0
37	1	12.66	0	26	18.55	0	0
38	1	12.66	0	0	0	0	0
39	1	12.66	0	24	17	0	0
40	1	12.66	0	24	17	0	0
41	1	12.66	0	1.2	1	0	0
42	1	12.66	0	0	0	0	0
43	1	12.66	0	6	4.3	0	0
44	1	12.66	0	0	0	0	0
45	1	12.66	0	39.22	26.3	0	0
46	1	12.66	0	39.22	26.3	0	0
47	1	12.66	0	0	0	0	0
48	1	12.66	0	79	56.4	0	0
49	1	12.66	0	384.7	274.5	0	0
50	1	12.66	0	384.7	274.5	0	0
51	1	12.66	0	40.5	28.3	0	0
52	1	12.66	0	3.6	2.7	0	0
53	1	12.66	0	4.35	3.5	0	0
54	1	12.66	0	26.4	19	0	0
55	1	12.66	0	24	17.2	0	0
56	1	12.66	0	0	0	0	0
57	1	12.66	0	0	0	0	0
58	1	12.66	0	0	0	0	0
59	1	12.66	0	100	72	0	0
60	1	12.66	0	0	0	0	0
61	1	12.66	0	1244	888	0	0
62	1	12.66	0	32	23	0	0
63	1	12.66	0	0	0	0	0
64	1	12.66	0	227	162	0	0
65	1	12.66	0	59	42	0	0
66	1	12.66	0	18	13	0	0
67	1	12.66	0	18	13	0	0
68	1	12.66	0	28	20	0	0
69	1	12.66	0	28	20	0	0
];


% Outra numeracao
% De	Para	R(pus)	X(pus)	Comprimento(km)	Ampacidade(A)
branch=[
1	2	0.0005	0.0012	1	400
2	3	0.0005	0.0012	1	400
3	4	0.0001	0.0001	1	400
3	29	0.0044	0.0108	1	200
4	5	0.0015	0.0036	1	400
4	37	0.0044	0.0108	1	200
5	6	0.0251	0.0294	1	400
5	48	0.0034	0.0084	1	300
6	7	0.366	0.1864	1	400
7	8	0.3811	0.1941	1	400
8	9	0.0922	0.047	1	400
9	10	0.0493	0.0251	1	400
9	52	0.0928	0.0473	1	200
10	11	0.819	0.2707	1	200
10	54	0.174	0.0886	1	300
11	12	0.1872	0.0619	1	200
12	13	0.7114	0.2351	1	200
12	44	0.5	0.5	1	200
12	67	0.2012	0.0611	1	200
13	14	1.03	0.34	1	200
13	69	0.7394	0.2444	1	200
14	15	1.044	0.345	1	200
14	22	0.5	0.5	1	200
15	16	1.058	0.3496	1	200
15	47	1	1	1	200
16	17	0.1966	0.065	1	200
17	18	0.3744	0.1238	1	200
18	19	0.0047	0.0016	1	200
19	20	0.3276	0.1083	1	200
20	21	0.2106	0.0696	1	200
21	22	0.3416	0.1129	1	200
22	23	0.014	0.0046	1	200
23	24	0.1591	0.0526	1	200
24	25	0.3463	0.1145	1	200
25	26	0.7488	0.2475	1	200
26	27	0.3089	0.1021	1	200
27	28	0.1732	0.0572	1	200
28	66	1	1	1	200
29	30	0.064	0.1565	1	200
30	31	0.3978	0.1315	1	200
31	32	0.0702	0.0232	1	200
32	33	0.351	0.116	1	200
33	34	0.839	0.2816	1	200
34	35	1.708	0.5646	1	200
35	36	1.474	0.4873	1	200
37	38	0.064	0.1565	1	200
38	39	0.1053	0.123	1	200
39	40	0.0304	0.0355	1	200
40	41	0.0018	0.0021	1	200
41	42	0.7283	0.8509	1	200
42	43	0.31	0.3623	1	200
43	44	0.041	0.0478	1	200
44	45	0.0092	0.0116	1	200
45	46	0.1089	0.1373	1	200
46	47	0.0009	0.0012	1	200
48	49	0.0851	0.2083	1	300
49	50	0.2898	0.7091	1	300
50	51	0.0822	0.2011	1	300
51	60	2	2	1	200
52	53	0.3319	0.1114	1	200
54	55	0.203	0.1034	1	300
55	56	0.2842	0.1447	1	300
56	57	0.2813	0.1433	1	300
57	58	1.59	0.5337	1	300
58	59	0.7837	0.263	1	300
59	60	0.3042	0.1006	1	300
60	61	0.3861	0.1172	1	300
61	62	0.5075	0.2585	1	300
62	63	0.0974	0.0496	1	300
63	64	0.145	0.0738	1	300
64	65	0.7105	0.3619	1	300
65	66	1.041	0.5302	1	300
67	68	0.0047	0.0014	1	200
69	70	0.0047	0.0016	1	200
];

% Outra numeracao
chaves =[
1	1	2	1	0	1
2	2	3	1	0	1
3	3	4	1	0	1
4	3	29	1	0	1
5	4	5	1	1	1
6	4	37	1	1	1
7	5	6	1	1	1
8	5	48	1	1	1
9	6	7	1	1	1
10	7	8	1	1	1
11	8	9	1	1	1
12	9	10	1	1	1
13	9	52	1	0	1
14	10	11	1	1	1
15	10	54	1	1	1
16	11	12	1	1	1
17	12	13	1	1	1
18	12	44	1	1	0
19	12	67	1	0	1
20	13	14	1	1	1
21	13	69	1	0	1
22	14	15	1	1	1
23	14	22	1	1	0
24	15	16	1	1	1
25	15	47	1	1	0
26	16	17	1	1	1
27	17	18	1	1	1
28	18	19	1	1	1
29	19	20	1	1	1
30	20	21	1	1	1
31	21	22	1	1	1
32	22	23	1	1	1
33	23	24	1	1	1
34	24	25	1	1	1
35	25	26	1	1	1
36	26	27	1	1	1
37	27	28	1	1	1
38	28	66	1	1	0
39	29	30	1	0	1
40	30	31	1	0	1
41	31	32	1	0	1
42	32	33	1	0	1
43	33	34	1	0	1
44	34	35	1	0	1
45	35	36	1	0	1
46	37	38	1	1	1
47	38	39	1	1	1
48	39	40	1	1	1
49	40	41	1	1	1
50	41	42	1	1	1
51	42	43	1	1	1
52	43	44	1	1	1
53	44	45	1	1	1
54	45	46	1	1	1
55	46	47	1	1	1
56	48	49	1	1	1
57	49	50	1	1	1
58	50	51	1	1	1
59	51	60	1	1	0
60	52	53	1	0	1
61	54	55	1	1	1
62	55	56	1	1	1
63	56	57	1	1	1
64	57	58	1	1	1
65	58	59	1	1	1
66	59	60	1	1	1
67	60	61	1	1	1
68	61	62	1	1	1
69	62	63	1	1	1
70	63	64	1	1	1
71	64	65	1	1	1
72	65	66	1	1	1
73	67	68	1	0	1
74	69	70	1	0	1];

end
