function mpc = DVLU14

%% MATPOWER Case Format : Version 2
mpc.version = '2';

%%-----  Power Flow Data  -----%%
%% system MVA base
mpc.baseMVA = 1;

%% bus data
%	bus_i	type	Pd	Qd	Gs	Bs	area	Vm	Va	baseKV	zone	Vmax	Vmin
mpc.bus = [
	100343595	1	0	0	0	0	0	1	0	13.8	0	1.1	0.9;
	100343658	1	0	0	0	0	0	1	0	13.8	0	1.1	0.9;
	100343700	1	0	0	0	0	0	1	0	13.8	0	1.1	0.9;
	100343721	1	0	0	0	0	0	1	0	13.8	0	1.1	0.9;
	100343728	1	0	0	0	0	0	1	0	13.8	0	1.1	0.9;
	100343735	1	0	0	0	0	0	1	0	13.8	0	1.1	0.9;
	100343742	1	0	0	0	0	0	1	0	13.8	0	1.1	0.9;
	100343749	1	-0.00440857573	0.000783293919	0	0	0	1	0	13.8	0	1.1	0.9;
	100343756	1	0	0	0	0	0	1	0	13.8	0	1.1	0.9;
	100343763	1	-0.00618129549	0.00124222762	0	0	0	1	0	13.8	0	1.1	0.9;
	100343770	1	-0.0082071608	0.00157364836	0	0	0	1	0	13.8	0	1.1	0.9;
	100343777	1	-0.00864366555	0.00175086737	0	0	0	1	0	13.8	0	1.1	0.9;
	100343784	1	0	0	0	0	0	1	0	13.8	0	1.1	0.9;
	100343791	1	0	0	0	0	0	1	0	13.8	0	1.1	0.9;
	100343798	1	0	0	0	0	0	1	0	13.8	0	1.1	0.9;
	100343805	1	0	0	0	0	0	1	0	13.8	0	1.1	0.9;
	100343812	1	0	0	0	0	0	1	0	13.8	0	1.1	0.9;
	100343819	1	0	0	0	0	0	1	0	13.8	0	1.1	0.9;
	100343826	1	0	0	0	0	0	1	0	13.8	0	1.1	0.9;
	100343833	1	0	0	0	0	0	1	0	13.8	0	1.1	0.9;
	100343840	1	0	0	0	0	0	1	0	13.8	0	1.1	0.9;
	100343847	1	-8.48522247e-07	2.82420739e-07	0	0	0	1	0	13.8	0	1.1	0.9;
	100343854	1	0	0	0	0	0	1	0	13.8	0	1.1	0.9;
	100343861	1	0	0	0	0	0	1	0	13.8	0	1.1	0.9;
	100343868	1	0	0	0	0	0	1	0	13.8	0	1.1	0.9;
	100343889	1	0	0	0	0	0	1	0	13.8	0	1.1	0.9;
	100343896	1	0	0	0	0	0	1	0	13.8	0	1.1	0.9;
	100343903	1	0	0	0	0	0	1	0	13.8	0	1.1	0.9;
	100343910	1	0	0	0	0	0	1	0	13.8	0	1.1	0.9;
	100343917	1	0	0	0	0	0	1	0	13.8	0	1.1	0.9;
	100343924	1	0	0	0	0	0	1	0	13.8	0	1.1	0.9;
	100343931	1	-0.00451967219	0.000697579225	0	0	0	1	0	13.8	0	1.1	0.9;
	100343938	1	0	0	0	0	0	1	0	13.8	0	1.1	0.9;
	100343945	1	0	0	0	0	0	1	0	13.8	0	1.1	0.9;
	100343952	1	0	0	0	0	0	1	0	13.8	0	1.1	0.9;
	100343959	1	0	0	0	0	0	1	0	13.8	0	1.1	0.9;
	100343966	1	0	0	0	0	0	1	0	13.8	0	1.1	0.9;
	100343973	1	0	0	0	0	0	1	0	13.8	0	1.1	0.9;
	100343980	1	0	0	0	0	0	1	0	13.8	0	1.1	0.9;
	100343987	1	-0.00209691983	0.000294564831	0	0	0	1	0	13.8	0	1.1	0.9;
	100343994	1	0	0	0	0	0	1	0	13.8	0	1.1	0.9;
	100344001	1	0	0	0	0	0	1	0	13.8	0	1.1	0.9;
	100344008	1	-0.00407233495	0.000851216107	0	0	0	1	0	13.8	0	1.1	0.9;
	100344015	1	0	0	0	0	0	1	0	13.8	0	1.1	0.9;
	100344022	1	0	0	0	0	0	1	0	13.8	0	1.1	0.9;
	100344029	1	0	0	0	0	0	1	0	13.8	0	1.1	0.9;
	100344036	1	0	0	0	0	0	1	0	13.8	0	1.1	0.9;
	100344043	1	-0.000908933341	0	0	0	0	1	0	13.8	0	1.1	0.9;
	100344050	1	0	0	0	0	0	1	0	13.8	0	1.1	0.9;
	100344057	1	0	0	0	0	0	1	0	13.8	0	1.1	0.9;
	100344064	1	0	0	0	0	0	1	0	13.8	0	1.1	0.9;
	100344071	1	0	0	0	0	0	1	0	13.8	0	1.1	0.9;
	100344078	1	0.646385339	0.0895763682	0	0	0	1	0	13.8	0	1.1	0.9;
	100344085	1	0	0	0	0	0	1	0	13.8	0	1.1	0.9;
	100344092	1	0.0326411082	0.00428512965	0	0	0	1	0	13.8	0	1.1	0.9;
	100344099	1	0	0	0	0	0	1	0	13.8	0	1.1	0.9;
	100344106	1	0.105922068	0.0140886454	0	0	0	1	0	13.8	0	1.1	0.9;
	100344113	1	0	0	0	0	0	1	0	13.8	0	1.1	0.9;
	100344120	1	0	0	0	0	0	1	0	13.8	0	1.1	0.9;
	100344127	1	0.0846543098	0.0107792507	0	0	0	1	0	13.8	0	1.1	0.9;
	100344134	1	0	0	0	0	0	1	0	13.8	0	1.1	0.9;
	100344141	1	-8.48522247e-06	2.82420739e-06	0	0	0	1	0	13.8	0	1.1	0.9;
	100344148	1	0	0	0	0	0	1	0	13.8	0	1.1	0.9;
	100344155	1	0.0804396668	0.0113163688	0	0	0	1	0	13.8	0	1.1	0.9;
	100344162	1	0	0	0	0	0	1	0	13.8	0	1.1	0.9;
	100344169	1	0.0909313358	0.0108542074	0	0	0	1	0	13.8	0	1.1	0.9;
	100344176	1	0	0	0	0	0	1	0	13.8	0	1.1	0.9;
	100344183	1	0.0591235096	0.0071574063	0	0	0	1	0	13.8	0	1.1	0.9;
	100356713	1	0	0	0	0	0	1	0	13.8	0	1.1	0.9;
	100356776	1	0	0	0	0	0	1	0	13.8	0	1.1	0.9;
	100356783	1	0	0	0	0	0	1	0	13.8	0	1.1	0.9;
	100356790	1	0	0	0	0	0	1	0	13.8	0	1.1	0.9;
	100356797	1	-0.0123700156	0.00364661658	0	0	0	1	0	13.8	0	1.1	0.9;
	100356804	1	0	0	0	0	0	1	0	13.8	0	1.1	0.9;
	100356811	1	0	0	0	0	0	1	0	13.8	0	1.1	0.9;
	100356818	1	0	0	0	0	0	1	0	13.8	0	1.1	0.9;
	100356825	1	0	0	0	0	0	1	0	13.8	0	1.1	0.9;
	100356832	1	-0.00537553139	0.00114210947	0	0	0	1	0	13.8	0	1.1	0.9;
	100356839	1	0	0	0	0	0	1	0	13.8	0	1.1	0.9;
	100356846	1	-0.00300221928	0.000730340031	0	0	0	1	0	13.8	0	1.1	0.9;
	100356853	1	-0.00142234464	7.00403432e-05	0	0	0	1	0	13.8	0	1.1	0.9;
	100356860	1	0	0	0	0	0	1	0	13.8	0	1.1	0.9;
	100356867	1	0	0	0	0	0	1	0	13.8	0	1.1	0.9;
	100356874	1	0	0	0	0	0	1	0	13.8	0	1.1	0.9;
	100356881	1	0	0	0	0	0	1	0	13.8	0	1.1	0.9;
	100356965	1	0	0	0	0	0	1	0	13.8	0	1.1	0.9;
	100357056	1	0	0	0	0	0	1	0	13.8	0	1.1	0.9;
	100357084	1	0	0	0	0	0	1	0	13.8	0	1.1	0.9;
	100357175	1	0	0	0	0	0	1	0	13.8	0	1.1	0.9;
	100357217	1	0	0	0	0	0	1	0	13.8	0	1.1	0.9;
	100357224	1	0	0	0	0	0	1	0	13.8	0	1.1	0.9;
	100357238	1	0	0	0	0	0	1	0	13.8	0	1.1	0.9;
	100357245	1	0	0	0	0	0	1	0	13.8	0	1.1	0.9;
	100357252	1	-0.00463876967	0.00095571178	0	0	0	1	0	13.8	0	1.1	0.9;
	100357259	1	-0.0133413522	0.00360015837	0	0	0	1	0	13.8	0	1.1	0.9;
	100357266	1	0	0	0	0	0	1	0	13.8	0	1.1	0.9;
	100357273	1	-0.00527624968	0.00150403165	0	0	0	1	0	13.8	0	1.1	0.9;
	100357280	1	-0.00738340711	0.00170116132	0	0	0	1	0	13.8	0	1.1	0.9;
	100357287	1	0	0	0	0	0	1	0	13.8	0	1.1	0.9;
	100357294	1	-0.010638154	0.00312060795	0	0	0	1	0	13.8	0	1.1	0.9;
	100357301	1	-0.00359410044	0.00086011236	0	0	0	1	0	13.8	0	1.1	0.9;
	100357308	1	-0.00171797163	0.000319700276	0	0	0	1	0	13.8	0	1.1	0.9;
	100357315	1	-0.00342609303	0.000804193054	0	0	0	1	0	13.8	0	1.1	0.9;
	100357322	1	0	0	0	0	0	1	0	13.8	0	1.1	0.9;
	100357329	1	-0.00657279167	0.00193557053	0	0	0	1	0	13.8	0	1.1	0.9;
	100357336	1	-0.00838075278	0.00220118724	0	0	0	1	0	13.8	0	1.1	0.9;
	100357343	1	0	0	0	0	0	1	0	13.8	0	1.1	0.9;
	100357350	1	-0.00567637403	0.00155317285	0	0	0	1	0	13.8	0	1.1	0.9;
	100357357	1	-0.00716425779	0.00204839762	0	0	0	1	0	13.8	0	1.1	0.9;
	100357364	1	0	0	0	0	0	1	0	13.8	0	1.1	0.9;
	100357371	1	0	0	0	0	0	1	0	13.8	0	1.1	0.9;
	100357378	1	0	0	0	0	0	1	0	13.8	0	1.1	0.9;
	100357385	1	-0.0117553719	0.00324035435	0	0	0	1	0	13.8	0	1.1	0.9;
	100357392	1	0	0	0	0	0	1	0	13.8	0	1.1	0.9;
	100357462	1	0	0	0	0	0	1	0	13.8	0	1.1	0.9;
	100357469	1	0	0	0	0	0	1	0	13.8	0	1.1	0.9;
	100357476	1	0	0	0	0	0	1	0	13.8	0	1.1	0.9;
	100357518	1	0	0	0	0	0	1	0	13.8	0	1.1	0.9;
	100357553	1	0	0	0	0	0	1	0	13.8	0	1.1	0.9;
	100357574	1	0	0	0	0	0	1	0	13.8	0	1.1	0.9;
	100357686	1	0	0	0	0	0	1	0	13.8	0	1.1	0.9;
	100357693	1	0	0	0	0	0	1	0	13.8	0	1.1	0.9;
	100357700	1	0	0	0	0	0	1	0	13.8	0	1.1	0.9;
	100357707	1	-0.0134739061	0.00330813533	0	0	0	1	0	13.8	0	1.1	0.9;
	100357714	1	-0.00919391378	0.00196762529	0	0	0	1	0	13.8	0	1.1	0.9;
	100357721	1	0	0	0	0	0	1	0	13.8	0	1.1	0.9;
	100357728	1	-0.00474794312	0.000739942336	0	0	0	1	0	13.8	0	1.1	0.9;
	100357735	1	0	0	0	0	0	1	0	13.8	0	1.1	0.9;
	100357742	1	-0.0088444748	0.00226981548	0	0	0	1	0	13.8	0	1.1	0.9;
	100357749	1	-0.00369872692	0.00104283858	0	0	0	1	0	13.8	0	1.1	0.9;
	100357763	1	0	0	0	0	0	1	0	13.8	0	1.1	0.9;
	100357805	1	0	0	0	0	0	1	0	13.8	0	1.1	0.9;
	100357812	1	0.128202411	0.0248521034	0	0	0	1	0	13.8	0	1.1	0.9;
	100357833	1	0	0	0	0	0	1	0	13.8	0	1.1	0.9;
	100357840	1	0	0	0	0	0	1	0	13.8	0	1.1	0.9;
	100357847	1	0	0	0	0	0	1	0	13.8	0	1.1	0.9;
	100357854	1	0	0	0	0	0	1	0	13.8	0	1.1	0.9;
	100357861	1	-0.00512610735	0.001370023	0	0	0	1	0	13.8	0	1.1	0.9;
	100357868	1	0	0	0	0	0	1	0	13.8	0	1.1	0.9;
	100357875	1	0	0	0	0	0	1	0	13.8	0	1.1	0.9;
	100357882	1	0	0	0	0	0	1	0	13.8	0	1.1	0.9;
	100357889	1	0	0	0	0	0	1	0	13.8	0	1.1	0.9;
	100357896	1	-0.00534237446	0.000475596524	0	0	0	1	0	13.8	0	1.1	0.9;
	100357903	1	-0.00530211116	0	0	0	0	1	0	13.8	0	1.1	0.9;
	100357910	1	0	0	0	0	0	1	0	13.8	0	1.1	0.9;
	100357917	1	0	0	0	0	0	1	0	13.8	0	1.1	0.9;
	100357924	1	-0.00842227503	0.00231585006	0	0	0	1	0	13.8	0	1.1	0.9;
	100357931	1	0	0	0	0	0	1	0	13.8	0	1.1	0.9;
	100357938	1	0	0	0	0	0	1	0	13.8	0	1.1	0.9;
	100357945	1	-0.00467677793	0.00128769736	0	0	0	1	0	13.8	0	1.1	0.9;
	100357952	1	-0.00735286031	0.00169099417	0	0	0	1	0	13.8	0	1.1	0.9;
	100357959	1	0	0	0	0	0	1	0	13.8	0	1.1	0.9;
	100357966	1	-0.00155494469	0.000467123902	0	0	0	1	0	13.8	0	1.1	0.9;
