function mpc = DVLU10

%% MATPOWER Case Format : Version 2
mpc.version = '2';

%%-----  Power Flow Data  -----%%
%% system MVA base
mpc.baseMVA = 1;

%% bus data
%	bus_i	type	Pd	Qd	Gs	Bs	area	Vm	Va	baseKV	zone	Vmax	Vmin
mpc.bus = [
	100351862	3	0	0	0	0	0	1	0	13.8	0	1.1	0.9;
	100351883	1	0	0	0	0	0	1	0	13.8	0	1.1	0.9;
	100351890	1	0	0	0	0	0	1	0	13.8	0	1.1	0.9;
	100351897	1	0	0	0	0	0	1	0	13.8	0	1.1	0.9;
	100351904	1	0	0	0	0	0	1	0	13.8	0	1.1	0.9;
	100351911	1	0	0	0	0	0	1	0	13.8	0	1.1	0.9;
	100351918	1	0	0	0	0	0	1	0	13.8	0	1.1	0.9;
	100351925	1	0.148107166	0.0431085845	0	0	0	1	0	13.8	0	1.1	0.9;
	100351932	1	0.199464979	0.0516495359	0	0	0	1	0	13.8	0	1.1	0.9;
	100351939	1	0	0	0	0	0	1	0	13.8	0	1.1	0.9;
	100351946	1	0	0	0	0	0	1	0	13.8	0	1.1	0.9;
	100351953	1	0.0921925881	0.0251012437	0	0	0	1	0	13.8	0	1.1	0.9;
	100351960	1	0	0	0	0	0	1	0	13.8	0	1.1	0.9;
	100351967	1	0	0	0	0	0	1	0	13.8	0	1.1	0.9;
	100351974	1	0	0	0	0	0	1	0	13.8	0	1.1	0.9;
	100351981	1	0.158695853	0.0450469564	0	0	0	1	0	13.8	0	1.1	0.9;
	100351988	1	0.116259143	0.0274097908	0	0	0	1	0	13.8	0	1.1	0.9;
	100351995	1	0	0	0	0	0	1	0	13.8	0	1.1	0.9;
	100352002	1	0	0	0	0	0	1	0	13.8	0	1.1	0.9;
	100352009	1	0	0	0	0	0	1	0	13.8	0	1.1	0.9;
	100352016	1	0	0	0	0	0	1	0	13.8	0	1.1	0.9;
	100352023	1	0	0	0	0	0	1	0	13.8	0	1.1	0.9;
	100352030	1	0	0	0	0	0	1	0	13.8	0	1.1	0.9;
	100352037	1	0	0	0	0	0	1	0	13.8	0	1.1	0.9;
	100352044	1	0.0756584656	0.0203091575	0	0	0	1	0	13.8	0	1.1	0.9;
	100352051	1	0.0872384839	0.0163280915	0	0	0	1	0	13.8	0	1.1	0.9;
	100352093	1	0	0	0	0	0	1	0	13.8	0	1.1	0.9;
	100352100	1	0	0	0	0	0	1	0	13.8	0	1.1	0.9;
	100352107	1	0.219338593	0.0254815146	0	0	0	1	0	13.8	0	1.1	0.9;
	100352114	1	0	0	0	0	0	1	0	13.8	0	1.1	0.9;
	100352121	1	0.0132606733	0.0043747978	0	0	0	1	0	13.8	0	1.1	0.9;
	100352128	1	0	0	0	0	0	1	0	13.8	0	1.1	0.9;
	100352135	1	0	0	0	0	0	1	0	13.8	0	1.1	0.9;
	100352142	1	0.209898386	0.0641042487	0	0	0	1	0	13.8	0	1.1	0.9;
	100352149	1	0	0	0	0	0	1	0	13.8	0	1.1	0.9;
	100352156	1	0.0834361999	0.0118287802	0	0	0	1	0	13.8	0	1.1	0.9;
	100352177	1	0	0	0	0	0	1	0	13.8	0	1.1	0.9;
	100352184	1	0	0	0	0	0	1	0	13.8	0	1.1	0.9;
	100352219	1	0	0	0	0	0	1	0	13.8	0	1.1	0.9;
	100352233	1	0	0	0	0	0	1	0	13.8	0	1.1	0.9;
	100352254	1	0	0	0	0	0	1	0	13.8	0	1.1	0.9;
	100352261	1	0	0	0	0	0	1	0	13.8	0	1.1	0.9;
	100352282	1	0	0	0	0	0	1	0	13.8	0	1.1	0.9;
	100352289	1	0.141270347	0.0249430779	0	0	0	1	0	13.8	0	1.1	0.9;
	100352296	1	0	0	0	0	0	1	0	13.8	0	1.1	0.9;
	100352303	1	0	0	0	0	0	1	0	13.8	0	1.1	0.9;
	100352310	1	0.297510621	0.0504111316	0	0	0	1	0	13.8	0	1.1	0.9;
	100352331	1	0	0	0	0	0	1	0	13.8	0	1.1	0.9;
	100352338	1	0.0818444861	0.0250181669	0	0	0	1	0	13.8	0	1.1	0.9;
	100353437	1	0	0	0	0	0	1	0	13.8	0	1.1	0.9;
	100353444	1	0.015009042	0.00558628027	0	0	0	1	0	13.8	0	1.1	0.9;
	100353451	1	0	0	0	0	0	1	0	13.8	0	1.1	0.9;
	100353458	1	0.00108499098	0.000403827489	0	0	0	1	0	13.8	0	1.1	0.9;
	100353465	1	0	0	0	0	0	1	0	13.8	0	1.1	0.9;
	100353472	1	0.168457507	0.0439175198	0	0	0	1	0	13.8	0	1.1	0.9;
	100353479	1	0	0	0	0	0	1	0	13.8	0	1.1	0.9;
	100353486	1	0.439750461	0.13808636	0	0	0	1	0	13.8	0	1.1	0.9;
	128777679	1	0	0	0	0	0	1	0	13.8	0	1.1	0.9;
	128777686	1	0.10109089	0.0256093933	0	0	0	1	0	13.8	0	1.1	0.9;
	128777693	1	0	0	0	0	0	1	0	13.8	0	1.1	0.9;
	128777700	1	0.160732373	0.0229744189	0	0	0	1	0	13.8	0	1.1	0.9;
	128777707	1	0	0	0	0	0	1	0	13.8	0	1.1	0.9;
	131652089	1	0	0	0	0	0	1	0	13.8	0	1.1	0.9;
	148372038	1	0	0	0	0	0	1	0	13.8	0	1.1	0.9;
	148545143	1	0	0	0	0	0	1	0	13.8	0	1.1	0.9;
	148546767	1	0	0	0	0	0	1	0	13.8	0	1.1	0.9;
	148546768	1	0	0	0	0	0	1	0	13.8	0	1.1	0.9;
	149087205	1	0	0	0	0	0	1	0	13.8	0	1.1	0.9;
	149087268	1	0	0	0	0	0	1	0	13.8	0	1.1	0.9;
	149087269	1	0.109177611	0.0214095874	0	0	0	1	0	13.8	0	1.1	0.9;
	149087270	1	0	0	0	0	0	1	0	13.8	0	1.1	0.9;
	149087271	1	0.145470363	0.0353180792	0	0	0	1	0	13.8	0	1.1	0.9;
	149087272	1	0.147245267	0.0487958216	0	0	0	1	0	13.8	0	1.1	0.9;
	149087273	1	0.117353962	0.0188452828	0	0	0	1	0	13.8	0	1.1	0.9;
	149087274	1	0	0	0	0	0	1	0	13.8	0	1.1	0.9;
	149272750	1	0	0	0	0	0	1	0	13.8	0	1.1	0.9;
	149272752	1	0	0	0	0	0	1	0	13.8	0	1.1	0.9;
	149272753	1	0.164195302	0.06111256	0	0	0	1	0	13.8	0	1.1	0.9;
	150340885	1	0	0	0	0	0	1	0	13.8	0	1.1	0.9;
	150340886	1	0.0588065114	0.0218874499	0	0	0	1	0	13.8	0	1.1	0.9;
	150537288	1	0	0	0	0	0	1	0	13.8	0	1.1	0.9;
	150537289	1	0	0	0	0	0	1	0	13.8	0	1.1	0.9;
	150537292	1	0.178681308	0.045275792	0	0	0	1	0	13.8	0	1.1	0.9;
	150537293	1	0	0	0	0	0	1	0	13.8	0	1.1	0.9;
	150537294	1	0	0	0	0	0	1	0	13.8	0	1.1	0.9;
	150537295	1	0.0887884289	0.0330465495	0	0	0	1	0	13.8	0	1.1	0.9;
	151266382	1	0	0	0	0	0	1	0	13.8	0	1.1	0.9;
	2029100	1	0	0	0	0	0	1	0	13.8	0	1.1	0.9;
	2391098	1	0	0	0	0	0	1	0	13.8	0	1.1	0.9;
];

%% generator data
%	bus	Pg	Qg	Qmax	Qmin	Vg	mBase	status	Pmax	Pmin	Pc1	Pc2	Qc1min	Qc1max	Qc2min	Qc2max	ramp_agc	ramp_10	ramp_30	ramp_q	apf
mpc.gen = [
	100351862	5	0	2.5	-2.5	1	1	1	10	5	0	0	0	0	0	0	0	0	0	0	0;
];

%% branch data
%	fbus	tbus	r	x	b	rateA	rateB	rateC	ratio	angle	status	angmin	angmax
