function mpc = DVLU05

%% MATPOWER Case Format : Version 2
mpc.version = '2';

%%-----  Power Flow Data  -----%%
%% system MVA base
mpc.baseMVA = 1;

%% bus data
%	bus_i	type	Pd	Qd	Gs	Bs	area	Vm	Va	baseKV	zone	Vmax	Vmin
mpc.bus = [
	100347669	3	0	0	0	0	0	1	0	13.8	0	1.1	0.9;
	100347676	1	0	0	0	0	0	1	0	13.8	0	1.1	0.9;
	100347697	1	0	0	0	0	0	1	0	13.8	0	1.1	0.9;
	100347704	1	0	0	0	0	0	1	0	13.8	0	1.1	0.9;
	100347711	1	0	0	0	0	0	1	0	13.8	0	1.1	0.9;
	100347718	1	0	0	0	0	0	1	0	13.8	0	1.1	0.9;
	100347725	1	0	0	0	0	0	1	0	13.8	0	1.1	0.9;
	100347732	1	0.0483474531	0.00832111387	0	0	0	1	0	13.8	0	1.1	0.9;
	100347739	1	0	0	0	0	0	1	0	13.8	0	1.1	0.9;
	100347746	1	0	0	0	0	0	1	0	13.8	0	1.1	0.9;
	100347753	1	0	0	0	0	0	1	0	13.8	0	1.1	0.9;
	100347760	1	0.0252219746	0.00193900608	0	0	0	1	0	13.8	0	1.1	0.9;
	100347767	1	0	0	0	0	0	1	0	13.8	0	1.1	0.9;
	100347774	1	0	0	0	0	0	1	0	13.8	0	1.1	0.9;
	100347781	1	0	0	0	0	0	1	0	13.8	0	1.1	0.9;
	100347788	1	0.042644331	0.0123053356	0	0	0	1	0	13.8	0	1.1	0.9;
	100347795	1	0.0641374365	0.0190074339	0	0	0	1	0	13.8	0	1.1	0.9;
	100347802	1	0	0	0	0	0	1	0	13.8	0	1.1	0.9;
	100347809	1	0	0	0	0	0	1	0	13.8	0	1.1	0.9;
	100347816	1	0	0	0	0	0	1	0	13.8	0	1.1	0.9;
	100347823	1	0	0	0	0	0	1	0	13.8	0	1.1	0.9;
	100347830	1	0	0	0	0	0	1	0	13.8	0	1.1	0.9;
	100347837	1	0	0	0	0	0	1	0	13.8	0	1.1	0.9;
	100347844	1	0	0	0	0	0	1	0	13.8	0	1.1	0.9;
	100347851	1	0.0650469157	0.0152111214	0	0	0	1	0	13.8	0	1.1	0.9;
	100347879	1	0	0	0	0	0	1	0	13.8	0	1.1	0.9;
	100347886	1	0	0	0	0	0	1	0	13.8	0	1.1	0.9;
	100347893	1	0.0332435907	0.00772606776	0	0	0	1	0	13.8	0	1.1	0.9;
	100347900	1	0	0	0	0	0	1	0	13.8	0	1.1	0.9;
	100347907	1	0	0	0	0	0	1	0	13.8	0	1.1	0.9;
	100347914	1	0	0	0	0	0	1	0	13.8	0	1.1	0.9;
	100347921	1	0	0	0	0	0	1	0	13.8	0	1.1	0.9;
	100347928	1	0	0	0	0	0	1	0	13.8	0	1.1	0.9;
	100347935	1	0	0	0	0	0	1	0	13.8	0	1.1	0.9;
	100347942	1	0	0	0	0	0	1	0	13.8	0	1.1	0.9;
	100347949	1	0.0120438682	0.00191041119	0	0	0	1	0	13.8	0	1.1	0.9;
	100347956	1	0	0	0	0	0	1	0	13.8	0	1.1	0.9;
	100347963	1	0.084269024	0.000215142528	0	0	0	1	0	13.8	0	1.1	0.9;
	100347970	1	0.0333878813	0.000356755332	0	0	0	1	0	13.8	0	1.1	0.9;
	100347991	1	0	0	0	0	0	1	0	13.8	0	1.1	0.9;
	100347998	1	0	0	0	0	0	1	0	13.8	0	1.1	0.9;
	100348047	1	0	0	0	0	0	1	0	13.8	0	1.1	0.9;
	100348054	1	0	0	0	0	0	1	0	13.8	0	1.1	0.9;
	100348061	1	0	0	0	0	0	1	0	13.8	0	1.1	0.9;
	100348068	1	0	0	0	0	0	1	0	13.8	0	1.1	0.9;
	100348075	1	0	0	0	0	0	1	0	13.8	0	1.1	0.9;
	100348082	1	0.0457655867	0.00995919274	0	0	0	1	0	13.8	0	1.1	0.9;
	100348089	1	0.0747992995	0.0219949194	0	0	0	1	0	13.8	0	1.1	0.9;
	100348096	1	0	0	0	0	0	1	0	13.8	0	1.1	0.9;
	100348103	1	0	0	0	0	0	1	0	13.8	0	1.1	0.9;
	100348110	1	0.229367403	0.0608540173	0	0	0	1	0	13.8	0	1.1	0.9;
	100348117	1	0	0	0	0	0	1	0	13.8	0	1.1	0.9;
	100348124	1	0	0	0	0	0	1	0	13.8	0	1.1	0.9;
	100348131	1	0.0494952961	0.0102042918	0	0	0	1	0	13.8	0	1.1	0.9;
	100348138	1	0	0	0	0	0	1	0	13.8	0	1.1	0.9;
	100348145	1	0	0	0	0	0	1	0	13.8	0	1.1	0.9;
	100348152	1	0	0	0	0	0	1	0	13.8	0	1.1	0.9;
	100348159	1	0	0	0	0	0	1	0	13.8	0	1.1	0.9;
	100348166	1	0	0	0	0	0	1	0	13.8	0	1.1	0.9;
	100348173	1	0	0	0	0	0	1	0	13.8	0	1.1	0.9;
	100348180	1	0	0	0	0	0	1	0	13.8	0	1.1	0.9;
	100348187	1	0	0	0	0	0	1	0	13.8	0	1.1	0.9;
	100348194	1	0.0624231946	0.0166068245	0	0	0	1	0	13.8	0	1.1	0.9;
	100348201	1	0	0	0	0	0	1	0	13.8	0	1.1	0.9;
	100348208	1	0	0	0	0	0	1	0	13.8	0	1.1	0.9;
	100348215	1	0	0	0	0	0	1	0	13.8	0	1.1	0.9;
	100348222	1	0	0	0	0	0	1	0	13.8	0	1.1	0.9;
	100348229	1	0.0519363931	0.0162609625	0	0	0	1	0	13.8	0	1.1	0.9;
	100348236	1	0	0	0	0	0	1	0	13.8	0	1.1	0.9;
	100348243	1	0	0	0	0	0	1	0	13.8	0	1.1	0.9;
	100348250	1	0.0339355536	0.00897062644	0	0	0	1	0	13.8	0	1.1	0.9;
	100348257	1	0	0	0	0	0	1	0	13.8	0	1.1	0.9;
	100348264	1	0.0767101303	0.0207244891	0	0	0	1	0	13.8	0	1.1	0.9;
	100348271	1	0	0	0	0	0	1	0	13.8	0	1.1	0.9;
	100348278	1	0.0398930451	0.0110607769	0	0	0	1	0	13.8	0	1.1	0.9;
	100348285	1	0	0	0	0	0	1	0	13.8	0	1.1	0.9;
	100348292	1	0	0	0	0	0	1	0	13.8	0	1.1	0.9;
	100348299	1	0.0228337762	0.0065659321	0	0	0	1	0	13.8	0	1.1	0.9;
	100348306	1	0	0	0	0	0	1	0	13.8	0	1.1	0.9;
	100348313	1	0.0353514958	0.00929763712	0	0	0	1	0	13.8	0	1.1	0.9;
	100349363	1	0	0	0	0	0	1	0	13.8	0	1.1	0.9;
	100349370	1	0.0569873663	0.0116789713	0	0	0	1	0	13.8	0	1.1	0.9;
	100349377	1	0	0	0	0	0	1	0	13.8	0	1.1	0.9;
	100349384	1	0	0	0	0	0	1	0	13.8	0	1.1	0.9;
	100349391	1	0	0	0	0	0	1	0	13.8	0	1.1	0.9;
	100349398	1	0	0	0	0	0	1	0	13.8	0	1.1	0.9;
	100349405	1	0	0	0	0	0	1	0	13.8	0	1.1	0.9;
	100349412	1	0.0461673278	0.00168029038	0	0	0	1	0	13.8	0	1.1	0.9;
	100349419	1	0.0583572072	0.00242920424	0	0	0	1	0	13.8	0	1.1	0.9;
	100349426	1	0	0	0	0	0	1	0	13.8	0	1.1	0.9;
	100349433	1	0.0104548703	0.00386711886	0	0	0	1	0	13.8	0	1.1	0.9;
	100349440	1	0.025254386	0.000427561734	0	0	0	1	0	13.8	0	1.1	0.9;
	100349447	1	0	0	0	0	0	1	0	13.8	0	1.1	0.9;
	100349454	1	0.177652078	0.0430406704	0	0	0	1	0	13.8	0	1.1	0.9;
	100349461	1	0	0	0	0	0	1	0	13.8	0	1.1	0.9;
	100349468	1	0.0882609054	0.0213018336	0	0	0	1	0	13.8	0	1.1	0.9;
	100349475	1	0.130094792	0.0374239066	0	0	0	1	0	13.8	0	1.1	0.9;
	100349482	1	0	0	0	0	0	1	0	13.8	0	1.1	0.9;
	100349489	1	0.0547611848	0.00510214591	0	0	0	1	0	13.8	0	1.1	0.9;
	100349496	1	0.0950691355	0.0267049068	0	0	0	1	0	13.8	0	1.1	0.9;
	100349503	1	0	0	0	0	0	1	0	13.8	0	1.1	0.9;
	100349510	1	0.041191581	0.0134858962	0	0	0	1	0	13.8	0	1.1	0.9;
	100349517	1	0	0	0	0	0	1	0	13.8	0	1.1	0.9;
	100349524	1	0	0	0	0	0	1	0	13.8	0	1.1	0.9;
	100349531	1	0.121951813	0.0395494604	0	0	0	1	0	13.8	0	1.1	0.9;
	100349538	1	0	0	0	0	0	1	0	13.8	0	1.1	0.9;
	100349545	1	0	0	0	0	0	1	0	13.8	0	1.1	0.9;
	100349552	1	0.0940911922	0.0252411206	0	0	0	1	0	13.8	0	1.1	0.9;
	100349559	1	0	0	0	0	0	1	0	13.8	0	1.1	0.9;
	100349566	1	0	0	0	0	0	1	0	13.8	0	1.1	0.9;
	100349573	1	0.0839994093	0.0182993699	0	0	0	1	0	13.8	0	1.1	0.9;
	100349580	1	0	0	0	0	0	1	0	13.8	0	1.1	0.9;
	100349587	1	0	0	0	0	0	1	0	13.8	0	1.1	0.9;
	100349594	1	0.0458258479	0.0131904156	0	0	0	1	0	13.8	0	1.1	0.9;
	100349601	1	0	0	0	0	0	1	0	13.8	0	1.1	0.9;
	100349608	1	0	0	0	0	0	1	0	13.8	0	1.1	0.9;
	100349615	1	0	0	0	0	0	1	0	13.8	0	1.1	0.9;
	100349622	1	0.0455728791	0.01248099	0	0	0	1	0	13.8	0	1.1	0.9;
	100349629	1	0	0	0	0	0	1	0	13.8	0	1.1	0.9;
	100349636	1	0	0	0	0	0	1	0	13.8	0	1.1	0.9;
	100349643	1	0	0	0	0	0	1	0	13.8	0	1.1	0.9;
	100349650	1	0	0	0	0	0	1	0	13.8	0	1.1	0.9;
	100349657	1	0.0583960208	0.0177751302	0	0	0	1	0	13.8	0	1.1	0.9;
	100349664	1	0.05175657	0.015059977	0	0	0	1	0	13.8	0	1.1	0.9;
	100349671	1	0.0719539006	0.0204562418	0	0	0	1	0	13.8	0	1.1	0.9;
	100349678	1	0.0419081925	0.011044437	0	0	0	1	0	13.8	0	1.1	0.9;
	100349685	1	0.0586170184	0.0153772441	0	0	0	1	0	13.8	0	1.1	0.9;
	100349692	1	0.095301337	0.0224960108	0	0	0	1	0	13.8	0	1.1	0.9;
	100349699	1	0	0	0	0	0	1	0	13.8	0	1.1	0.9;
	100349706	1	0	0	0	0	0	1	0	13.8	0	1.1	0.9;
	100349713	1	0.0505655518	0.0133715166	0	0	0	1	0	13.8	0	1.1	0.9;
	100349720	1	0	0	0	0	0	1	0	13.8	0	1.1	0.9;
	100349727	1	0.0488478688	0.0134654713	0	0	0	1	0	13.8	0	1.1	0.9;
	100349734	1	0	0	0	0	0	1	0	13.8	0	1.1	0.9;
	100349741	1	0	0	0	0	0	1	0	13.8	0	1.1	0.9;
	100349748	1	0.0457414182	0.0126729843	0	0	0	1	0	13.8	0	1.1	0.9;
	100349755	1	0.0362316797	0.00960924571	0	0	0	1	0	13.8	0	1.1	0.9;
	100349762	1	0.035224086	0.00928517026	0	0	0	1	0	13.8	0	1.1	0.9;
	100349769	1	0.0568792884	0.0150586153	0	0	0	1	0	13.8	0	1.1	0.9;
	100349776	1	0	0	0	0	0	1	0	13.8	0	1.1	0.9;
	100349783	1	0.0587964814	0.0165618897	0	0	0	1	0	13.8	0	1.1	0.9;
	100349790	1	0	0	0	0	0	1	0	13.8	0	1.1	0.9;
	100349797	1	0.175131153	0.0445371948	0	0	0	1	0	13.8	0	1.1	0.9;
	100349874	1	0	0	0	0	0	1	0	13.8	0	1.1	0.9;
	100349972	1	0	0	0	0	0	1	0	13.8	0	1.1	0.9;
	100349986	1	0	0	0	0	0	1	0	13.8	0	1.1	0.9;
	100350028	1	0	0	0	0	0	1	0	13.8	0	1.1	0.9;
	100350035	1	0	0	0	0	0	1	0	13.8	0	1.1	0.9;
	100350077	1	0	0	0	0	0	1	0	13.8	0	1.1	0.9;
	100350119	1	0	0	0	0	0	1	0	13.8	0	1.1	0.9;
	100350126	1	0	0	0	0	0	1	0	13.8	0	1.1	0.9;
	100350133	1	0.0441765889	0.010424881	0	0	0	1	0	13.8	0	1.1	0.9;
	100350140	1	0.0617025417	0.0145575239	0	0	0	1	0	13.8	0	1.1	0.9;
