function mpc = SLAU07

%% MATPOWER Case Format : Version 2
mpc.version = '2';

%%-----  Power Flow Data  -----%%
%% system MVA base
mpc.baseMVA = 100;

%% bus data
%	bus_i	type	Pd	Qd	Gs	Bs	area	Vm	Va	baseKV	zone	Vmax	Vmin
mpc.bus = [
	102959089	1	0	0	0	0	0	1	0	13.8	0	1.1	0.9;
	102959096	1	0	0	0	0	0	1	0	13.8	0	1.1	0.9;
	102959103	1	0	0	0	0	0	1	0	13.8	0	1.1	0.9;
	102959110	1	0	0	0	0	0	1	0	13.8	0	1.1	0.9;
	102959117	1	0.022603988	0.00784911401	0	0	0	1	0	13.8	0	1.1	0.9;
	102959124	1	0.0226037381	0.00784911401	0	0	0	1	0	13.8	0	1.1	0.9;
	102959131	1	0	0	0	0	0	1	0	13.8	0	1.1	0.9;
	102959138	1	0.0226033216	0.00784911401	0	0	0	1	0	13.8	0	1.1	0.9;
	102959145	1	0.0226037381	0.00784911401	0	0	0	1	0	13.8	0	1.1	0.9;
	102959152	1	0.0226038214	0.00784911401	0	0	0	1	0	13.8	0	1.1	0.9;
	103015404	3	0	0	0	0	0	1	0	13.8	0	1.1	0.9;
	103015411	1	0	0	0	0	0	1	0	13.8	0	1.1	0.9;
	103015453	1	0	0	0	0	0	1	0	13.8	0	1.1	0.9;
	103015530	1	0	0	0	0	0	1	0	13.8	0	1.1	0.9;
	103015544	1	0	0	0	0	0	1	0	13.8	0	1.1	0.9;
	103015579	1	0	0	0	0	0	1	0	13.8	0	1.1	0.9;
	103015607	1	0	0	0	0	0	1	0	13.8	0	1.1	0.9;
	103015635	1	0	0	0	0	0	1	0	13.8	0	1.1	0.9;
	103015649	1	0	0	0	0	0	1	0	13.8	0	1.1	0.9;
	103015656	1	0	0	0	0	0	1	0	13.8	0	1.1	0.9;
	103015663	1	0	0	0	0	0	1	0	13.8	0	1.1	0.9;
	103015670	1	0	0	0	0	0	1	0	13.8	0	1.1	0.9;
	103015677	1	0.0337547995	0.0117213436	0	0	0	1	0	13.8	0	1.1	0.9;
	103015684	1	0	0	0	0	0	1	0	13.8	0	1.1	0.9;
	103015691	1	0	0	0	0	0	1	0	13.8	0	1.1	0.9;
	103015698	1	0	0	0	0	0	1	0	13.8	0	1.1	0.9;
	103015705	1	0.0226034049	0.00784911401	0	0	0	1	0	13.8	0	1.1	0.9;
	103015712	1	0	0	0	0	0	1	0	13.8	0	1.1	0.9;
	103015719	1	0	0	0	0	0	1	0	13.8	0	1.1	0.9;
	103015726	1	0	0	0	0	0	1	0	13.8	0	1.1	0.9;
	103015733	1	0.0226027384	0.00784911401	0	0	0	1	0	13.8	0	1.1	0.9;
	103015740	1	0.0226032799	0.00784911401	0	0	0	1	0	13.8	0	1.1	0.9;
	103015803	1	0	0	0	0	0	1	0	13.8	0	1.1	0.9;
	103015810	1	0	0	0	0	0	1	0	13.8	0	1.1	0.9;
	103015824	1	0	0	0	0	0	1	0	13.8	0	1.1	0.9;
	103015859	1	0	0	0	0	0	1	0	13.8	0	1.1	0.9;
	103015866	1	0.11820481	0.022998228	0	0	0	1	0	13.8	0	1.1	0.9;
	103015873	1	0	0	0	0	0	1	0	13.8	0	1.1	0.9;
	103015880	1	0	0	0	0	0	1	0	13.8	0	1.1	0.9;
	103015887	1	0.0135617763	0.00470946841	0	0	0	1	0	13.8	0	1.1	0.9;
	103015894	1	0.0337536748	0.0117213436	0	0	0	1	0	13.8	0	1.1	0.9;
	103015950	1	0	0	0	0	0	1	0	13.8	0	1.1	0.9;
	103016041	1	0	0	0	0	0	1	0	13.8	0	1.1	0.9;
	103016125	1	0	0	0	0	0	1	0	13.8	0	1.1	0.9;
	103016153	1	0	0	0	0	0	1	0	13.8	0	1.1	0.9;
	103016209	1	0	0	0	0	0	1	0	13.8	0	1.1	0.9;
	103016216	1	0	0	0	0	0	1	0	13.8	0	1.1	0.9;
	103016286	1	0	0	0	0	0	1	0	13.8	0	1.1	0.9;
	103016300	1	0	0	0	0	0	1	0	13.8	0	1.1	0.9;
	103016307	1	0	0	0	0	0	1	0	13.8	0	1.1	0.9;
	103016356	1	0	0	0	0	0	1	0	13.8	0	1.1	0.9;
	103016377	1	0	0	0	0	0	1	0	13.8	0	1.1	0.9;
	103016384	1	0.0135617763	0.00470946841	0	0	0	1	0	13.8	0	1.1	0.9;
	103016391	1	0.0135636508	0.00470946841	0	0	0	1	0	13.8	0	1.1	0.9;
	103016398	1	0	0	0	0	0	1	0	13.8	0	1.1	0.9;
	103016405	1	0.0135614431	0.00470946841	0	0	0	1	0	13.8	0	1.1	0.9;
	103016412	1	0.0135626094	0.00470946841	0	0	0	1	0	13.8	0	1.1	0.9;
	103016447	1	0	0	0	0	0	1	0	13.8	0	1.1	0.9;
	103016461	1	0	0	0	0	0	1	0	13.8	0	1.1	0.9;
	103016482	1	0	0	0	0	0	1	0	13.8	0	1.1	0.9;
	103016489	1	0	0	0	0	0	1	0	13.8	0	1.1	0.9;
	103016496	1	0	0	0	0	0	1	0	13.8	0	1.1	0.9;
	103016503	1	0.0337554243	0.0117213436	0	0	0	1	0	13.8	0	1.1	0.9;
	103016510	1	0	0	0	0	0	1	0	13.8	0	1.1	0.9;
	103016517	1	0	0	0	0	0	1	0	13.8	0	1.1	0.9;
	103016524	1	0	0	0	0	0	1	0	13.8	0	1.1	0.9;
	103016531	1	0.0452056018	0.015698228	0	0	0	1	0	13.8	0	1.1	0.9;
	103016538	1	0.0452048104	0.015698228	0	0	0	1	0	13.8	0	1.1	0.9;
	103016608	1	0	0	0	0	0	1	0	13.8	0	1.1	0.9;
	103016622	1	0	0	0	0	0	1	0	13.8	0	1.1	0.9;
	103016664	1	0	0	0	0	0	1	0	13.8	0	1.1	0.9;
	103016706	1	0	0	0	0	0	1	0	13.8	0	1.1	0.9;
	103016720	1	0	0	0	0	0	1	0	13.8	0	1.1	0.9;
	103016734	1	0	0	0	0	0	1	0	13.8	0	1.1	0.9;
	103016755	1	0	0	0	0	0	1	0	13.8	0	1.1	0.9;
	103016769	1	0	0	0	0	0	1	0	13.8	0	1.1	0.9;
	103016776	1	0	0	0	0	0	1	0	13.8	0	1.1	0.9;
	103016790	1	0	0	0	0	0	1	0	13.8	0	1.1	0.9;
	103016811	1	0	0	0	0	0	1	0	13.8	0	1.1	0.9;
	103016818	1	0	0	0	0	0	1	0	13.8	0	1.1	0.9;
	103016825	1	0	0	0	0	0	1	0	13.8	0	1.1	0.9;
	103016832	1	0	0	0	0	0	1	0	13.8	0	1.1	0.9;
	103016839	1	0.0226031133	0.00784911401	0	0	0	1	0	13.8	0	1.1	0.9;
	103016846	1	0.0226038881	0.00784911401	0	0	0	1	0	13.8	0	1.1	0.9;
	103016853	1	0.0452056143	0.015698228	0	0	0	1	0	13.8	0	1.1	0.9;
	103016860	1	0	0	0	0	0	1	0	13.8	0	1.1	0.9;
	103016867	1	0	0	0	0	0	1	0	13.8	0	1.1	0.9;
	103016874	1	0.0337539248	0.0117213436	0	0	0	1	0	13.8	0	1.1	0.9;
	103016881	1	0.0226026551	0.00784911401	0	0	0	1	0	13.8	0	1.1	0.9;
	103016888	1	0	0	0	0	0	1	0	13.8	0	1.1	0.9;
	103016895	1	0	0	0	0	0	1	0	13.8	0	1.1	0.9;
	103016902	1	0.0135622345	0.00470946841	0	0	0	1	0	13.8	0	1.1	0.9;
	103016909	1	0	0	0	0	0	1	0	13.8	0	1.1	0.9;
	103016993	1	0	0	0	0	0	1	0	13.8	0	1.1	0.9;
	103017014	1	0	0	0	0	0	1	0	13.8	0	1.1	0.9;
	103017049	1	0	0	0	0	0	1	0	13.8	0	1.1	0.9;
	103017056	1	0.20920481	0.032098228	0	0	0	1	0	13.8	0	1.1	0.9;
	103017063	1	0	0	0	0	0	1	0	13.8	0	1.1	0.9;
	103017070	1	0.0678072156	0.023547342	0	0	0	1	0	13.8	0	1.1	0.9;
	103017091	1	0	0	0	0	0	1	0	13.8	0	1.1	0.9;
	103017133	1	0	0	0	0	0	1	0	13.8	0	1.1	0.9;
	103017140	1	0	0	0	0	0	1	0	13.8	0	1.1	0.9;
	103017154	1	0	0	0	0	0	1	0	13.8	0	1.1	0.9;
	103017168	1	0	0	0	0	0	1	0	13.8	0	1.1	0.9;
	103017175	1	0.0337543413	0.0117213436	0	0	0	1	0	13.8	0	1.1	0.9;
	103017182	1	0	0	0	0	0	1	0	13.8	0	1.1	0.9;
	103017189	1	0	0	0	0	0	1	0	13.8	0	1.1	0.9;
	103017196	1	0	0	0	0	0	1	0	13.8	0	1.1	0.9;
	103017203	1	0	0	0	0	0	1	0	13.8	0	1.1	0.9;
	103017210	1	0	0	0	0	0	1	0	13.8	0	1.1	0.9;
	103017217	1	0	0	0	0	0	1	0	13.8	0	1.1	0.9;
	103017224	1	0.0226032799	0.00784911401	0	0	0	1	0	13.8	0	1.1	0.9;
	103017231	1	0	0	0	0	0	1	0	13.8	0	1.1	0.9;
	103017238	1	0	0	0	0	0	1	0	13.8	0	1.1	0.9;
	103017245	1	0.0226036965	0.00784911401	0	0	0	1	0	13.8	0	1.1	0.9;
	103017252	1	0.022605071	0.00784911401	0	0	0	1	0	13.8	0	1.1	0.9;
	103017259	1	0	0	0	0	0	1	0	13.8	0	1.1	0.9;
	103017266	1	0	0	0	0	0	1	0	13.8	0	1.1	0.9;
	103017273	1	0.0226038048	0.00784911401	0	0	0	1	0	13.8	0	1.1	0.9;
	103017280	1	0	0	0	0	0	1	0	13.8	0	1.1	0.9;
	103017287	1	0	0	0	0	0	1	0	13.8	0	1.1	0.9;
	103017294	1	0	0	0	0	0	1	0	13.8	0	1.1	0.9;
	103017301	1	0.022604238	0.00784911401	0	0	0	1	0	13.8	0	1.1	0.9;
	103017308	1	0	0	0	0	0	1	0	13.8	0	1.1	0.9;
	103017315	1	0	0	0	0	0	1	0	13.8	0	1.1	0.9;
	103017322	1	0	0	0	0	0	1	0	13.8	0	1.1	0.9;
	103017329	1	0	0	0	0	0	1	0	13.8	0	1.1	0.9;
	103017336	1	0.0452048104	0.015698228	0	0	0	1	0	13.8	0	1.1	0.9;
	103017343	1	0	0	0	0	0	1	0	13.8	0	1.1	0.9;
	103017350	1	0	0	0	0	0	1	0	13.8	0	1.1	0.9;
	103017357	1	0.0226036548	0.00784911401	0	0	0	1	0	13.8	0	1.1	0.9;
	103017364	1	0.0226046128	0.00784911401	0	0	0	1	0	13.8	0	1.1	0.9;
	103017371	1	0.00904187846	0.00313964561	0	0	0	1	0	13.8	0	1.1	0.9;
	103017378	1	0.0135621304	0.00470946841	0	0	0	1	0	13.8	0	1.1	0.9;
	103017385	1	0	0	0	0	0	1	0	13.8	0	1.1	0.9;
	103017392	1	0.00904193678	0.00313964561	0	0	0	1	0	13.8	0	1.1	0.9;
	103017399	1	0.0226028217	0.00784911401	0	0	0	1	0	13.8	0	1.1	0.9;
	103017448	1	0	0	0	0	0	1	0	13.8	0	1.1	0.9;
	103017476	1	0	0	0	0	0	1	0	13.8	0	1.1	0.9;
	103017497	1	0	0	0	0	0	1	0	13.8	0	1.1	0.9;
	103017532	1	0	0	0	0	0	1	0	13.8	0	1.1	0.9;
	103017560	1	0	0	0	0	0	1	0	13.8	0	1.1	0.9;
	103017567	1	0.346409621	0.0569964561	0	0	0	1	0	13.8	0	1.1	0.9;
	103017574	1	0	0	0	0	0	1	0	13.8	0	1.1	0.9;
	103017581	1	0.0135636091	0.00470946841	0	0	0	1	0	13.8	0	1.1	0.9;
	103017588	1	0	0	0	0	0	1	0	13.8	0	1.1	0.9;
	103017595	1	0.013562776	0.00470946841	0	0	0	1	0	13.8	0	1.1	0.9;
	103017602	1	0	0	0	0	0	1	0	13.8	0	1.1	0.9;
	103017609	1	0.013562901	0.00470946841	0	0	0	1	0	13.8	0	1.1	0.9;
	103017616	1	0.0226048211	0.00784911401	0	0	0	1	0	13.8	0	1.1	0.9;
	103017623	1	0	0	0	0	0	1	0	13.8	0	1.1	0.9;
	103017630	1	0	0	0	0	0	1	0	13.8	0	1.1	0.9;
	103017637	1	0.0226044879	0.00784911401	0	0	0	1	0	13.8	0	1.1	0.9;
	103017644	1	0.0111514363	0.00387222958	0	0	0	1	0	13.8	0	1.1	0.9;
	103017651	1	0	0	0	0	0	1	0	13.8	0	1.1	0.9;
