function mpc = TPCD204

%% MATPOWER Case Format : Version 2
mpc.version = '2';

%%-----  Power Flow Data  -----%%
%% system MVA base
mpc.baseMVA = 1;

%% bus data
%	bus_i	type	Pd	Qd	Gs	Bs	area	Vm	Va	baseKV	zone	Vmax	Vmin
mpc.bus = [
	125895795	3	0	0	0	0	0	1	0	13.8	0	1.1	0.9;
	125895802	1	0	0	0	0	0	1	0	13.8	0	1.1	0.9;
	125895809	1	0	0	0	0	0	1	0	13.8	0	1.1	0.9;
	125895816	1	0	0	0	0	0	1	0	13.8	0	1.1	0.9;
	125895844	1	0	0	0	0	0	1	0	13.8	0	1.1	0.9;
	125895963	1	0	0	0	0	0	1	0	13.8	0	1.1	0.9;
	125895998	1	0	0	0	0	0	1	0	13.8	0	1.1	0.9;
	125896012	1	0	0	0	0	0	1	0	13.8	0	1.1	0.9;
	125896019	1	0	0	0	0	0	1	0	13.8	0	1.1	0.9;
	125896054	1	0	0	0	0	0	1	0	13.8	0	1.1	0.9;
	125896082	1	0	0	0	0	0	1	0	13.8	0	1.1	0.9;
	125896110	1	0	0	0	0	0	1	0	13.8	0	1.1	0.9;
	125896117	1	0	0	0	0	0	1	0	13.8	0	1.1	0.9;
	125896138	1	0	0	0	0	0	1	0	13.8	0	1.1	0.9;
	125896145	1	0	0	0	0	0	1	0	13.8	0	1.1	0.9;
	125896222	1	0	0	0	0	0	1	0	13.8	0	1.1	0.9;
	125896229	1	0	0	0	0	0	1	0	13.8	0	1.1	0.9;
	125896236	1	0	0	0	0	0	1	0	13.8	0	1.1	0.9;
	125896243	1	0	0	0	0	0	1	0	13.8	0	1.1	0.9;
	125896250	1	0	0	0	0	0	1	0	13.8	0	1.1	0.9;
	125896257	1	0	0	0	0	0	1	0	13.8	0	1.1	0.9;
	125896264	1	0	0	0	0	0	1	0	13.8	0	1.1	0.9;
	125896271	1	4.85944337e-06	0.000112500939	0	0	0	1	0	13.8	0	1.1	0.9;
	125896278	1	0	0	0	0	0	1	0	13.8	0	1.1	0.9;
	125896285	1	0	0	0	0	0	1	0	13.8	0	1.1	0.9;
	125896292	1	0	0	0	0	0	1	0	13.8	0	1.1	0.9;
	125896299	1	0	0	0	0	0	1	0	13.8	0	1.1	0.9;
	125896306	1	0	0	0	0	0	1	0	13.8	0	1.1	0.9;
	125896313	1	0	0	0	0	0	1	0	13.8	0	1.1	0.9;
	125896341	1	0	0	0	0	0	1	0	13.8	0	1.1	0.9;
	125896383	1	0	0	0	0	0	1	0	13.8	0	1.1	0.9;
	125896411	1	0	0	0	0	0	1	0	13.8	0	1.1	0.9;
	125896425	1	0	0	0	0	0	1	0	13.8	0	1.1	0.9;
	125896432	1	0	0	0	0	0	1	0	13.8	0	1.1	0.9;
	125896439	1	0	0	0	0	0	1	0	13.8	0	1.1	0.9;
	125896446	1	9.07588363e-05	5.16585946e-05	0	0	0	1	0	13.8	0	1.1	0.9;
	125896453	1	0.000295885448	0.00309262786	0	0	0	1	0	13.8	0	1.1	0.9;
	125896460	1	0	0	0	0	0	1	0	13.8	0	1.1	0.9;
	125896467	1	0	0	0	0	0	1	0	13.8	0	1.1	0.9;
	125896474	1	0.000424273171	0.00176098409	0	0	0	1	0	13.8	0	1.1	0.9;
	125896481	1	0	0	0	0	0	1	0	13.8	0	1.1	0.9;
	125896488	1	0	0	0	0	0	1	0	13.8	0	1.1	0.9;
	125896495	1	0.00018773804	0.000588907978	0	0	0	1	0	13.8	0	1.1	0.9;
	125896502	1	0	0	0	0	0	1	0	13.8	0	1.1	0.9;
	125896523	1	0	0	0	0	0	1	0	13.8	0	1.1	0.9;
	125896530	1	0.122510737	0.0240240783	0	0	0	1	0	13.8	0	1.1	0.9;
	125896537	1	0	0	0	0	0	1	0	13.8	0	1.1	0.9;
	125896544	1	9.73802052e-05	0	0	0	0	1	0	13.8	0	1.1	0.9;
	125896551	1	0	0	0	0	0	1	0	13.8	0	1.1	0.9;
	125896558	1	0	0	0	0	0	1	0	13.8	0	1.1	0.9;
	125896565	1	0.000100454547	7.11740637e-05	0	0	0	1	0	13.8	0	1.1	0.9;
	125896600	1	0	0	0	0	0	1	0	13.8	0	1.1	0.9;
	125896607	1	0.284938476	0.0962286292	0	0	0	1	0	13.8	0	1.1	0.9;
	125896614	1	0	0	0	0	0	1	0	13.8	0	1.1	0.9;
	125896621	1	0	0	0	0	0	1	0	13.8	0	1.1	0.9;
	125896663	1	0	0	0	0	0	1	0	13.8	0	1.1	0.9;
	125896670	1	0	0	0	0	0	1	0	13.8	0	1.1	0.9;
	125896684	1	0	0	0	0	0	1	0	13.8	0	1.1	0.9;
	125896726	1	0	0	0	0	0	1	0	13.8	0	1.1	0.9;
	125896733	1	0	0	0	0	0	1	0	13.8	0	1.1	0.9;
	125896740	1	0	0	0	0	0	1	0	13.8	0	1.1	0.9;
	125896754	1	0	0	0	0	0	1	0	13.8	0	1.1	0.9;
	125896761	1	0	0	0	0	0	1	0	13.8	0	1.1	0.9;
	125896768	1	0	0	0	0	0	1	0	13.8	0	1.1	0.9;
	125896775	1	1.46279163e-06	3.38650787e-05	0	0	0	1	0	13.8	0	1.1	0.9;
	125896782	1	0	0	0	0	0	1	0	13.8	0	1.1	0.9;
	125896789	1	0	0	0	0	0	1	0	13.8	0	1.1	0.9;
	125896796	1	0	0	0	0	0	1	0	13.8	0	1.1	0.9;
	125896803	1	0	0	0	0	0	1	0	13.8	0	1.1	0.9;
	125896810	1	0	0	0	0	0	1	0	13.8	0	1.1	0.9;
	125896817	1	0	0	0	0	0	1	0	13.8	0	1.1	0.9;
	125896824	1	0	0	0	0	0	1	0	13.8	0	1.1	0.9;
	125896831	1	0	0	0	0	0	1	0	13.8	0	1.1	0.9;
	125896838	1	1.41320547e-06	3.27171099e-05	0	0	0	1	0	13.8	0	1.1	0.9;
	125896845	1	0	0	0	0	0	1	0	13.8	0	1.1	0.9;
	125896852	1	0	0	0	0	0	1	0	13.8	0	1.1	0.9;
	125896859	1	7.83461277e-06	0.000181379065	0	0	0	1	0	13.8	0	1.1	0.9;
	125896866	1	0	0	0	0	0	1	0	13.8	0	1.1	0.9;
	125896873	1	0	0	0	0	0	1	0	13.8	0	1.1	0.9;
	125896915	1	0	0	0	0	0	1	0	13.8	0	1.1	0.9;
	125896922	1	0	0	0	0	0	1	0	13.8	0	1.1	0.9;
	125896929	1	0.00056832985	0.00554009728	0	0	0	1	0	13.8	0	1.1	0.9;
	125896936	1	0	0	0	0	0	1	0	13.8	0	1.1	0.9;
	125896943	1	0	0	0	0	0	1	0	13.8	0	1.1	0.9;
	125896950	1	0	0	0	0	0	1	0	13.8	0	1.1	0.9;
	125896957	1	0.000382721589	0.00373663834	0	0	0	1	0	13.8	0	1.1	0.9;
	125897027	1	0	0	0	0	0	1	0	13.8	0	1.1	0.9;
	125897041	1	0	0	0	0	0	1	0	13.8	0	1.1	0.9;
	125897090	1	0	0	0	0	0	1	0	13.8	0	1.1	0.9;
	125897104	1	0	0	0	0	0	1	0	13.8	0	1.1	0.9;
	125897111	1	0	0	0	0	0	1	0	13.8	0	1.1	0.9;
	125897118	1	0	0	0	0	0	1	0	13.8	0	1.1	0.9;
	125897125	1	0	0	0	0	0	1	0	13.8	0	1.1	0.9;
	125897132	1	0.000225714569	0.00228790176	0	0	0	1	0	13.8	0	1.1	0.9;
	125897139	1	0	0	0	0	0	1	0	13.8	0	1.1	0.9;
	125897146	1	0	0	0	0	0	1	0	13.8	0	1.1	0.9;
	125897153	1	0.000776973306	0.00599813682	0	0	0	1	0	13.8	0	1.1	0.9;
	125897160	1	0	0	0	0	0	1	0	13.8	0	1.1	0.9;
	125897167	1	0	0	0	0	0	1	0	13.8	0	1.1	0.9;
	125897174	1	0.000353914996	0.00426527796	0	0	0	1	0	13.8	0	1.1	0.9;
	125897181	1	0	0	0	0	0	1	0	13.8	0	1.1	0.9;
	125897188	1	0	0	0	0	0	1	0	13.8	0	1.1	0.9;
	125897195	1	0	0	0	0	0	1	0	13.8	0	1.1	0.9;
	125897244	1	0	0	0	0	0	1	0	13.8	0	1.1	0.9;
	125897279	1	0	0	0	0	0	1	0	13.8	0	1.1	0.9;
	125897307	1	0	0	0	0	0	1	0	13.8	0	1.1	0.9;
	125897342	1	0	0	0	0	0	1	0	13.8	0	1.1	0.9;
	125897349	1	0	0	0	0	0	1	0	13.8	0	1.1	0.9;
	125897377	1	0	0	0	0	0	1	0	13.8	0	1.1	0.9;
	125897391	1	0	0	0	0	0	1	0	13.8	0	1.1	0.9;
	125897405	1	0	0	0	0	0	1	0	13.8	0	1.1	0.9;
	125897419	1	0	0	0	0	0	1	0	13.8	0	1.1	0.9;
	125897447	1	0	0	0	0	0	1	0	13.8	0	1.1	0.9;
	125897454	1	0	0	0	0	0	1	0	13.8	0	1.1	0.9;
	125897482	1	0	0	0	0	0	1	0	13.8	0	1.1	0.9;
	125897503	1	0	0	0	0	0	1	0	13.8	0	1.1	0.9;
	125897524	1	0	0	0	0	0	1	0	13.8	0	1.1	0.9;
	125897531	1	0	0	0	0	0	1	0	13.8	0	1.1	0.9;
	125897573	1	0	0	0	0	0	1	0	13.8	0	1.1	0.9;
	125897580	1	0.149	0.0149	0	0	0	1	0	13.8	0	1.1	0.9;
	125897594	1	0	0	0	0	0	1	0	13.8	0	1.1	0.9;
	125897615	1	0	0	0	0	0	1	0	13.8	0	1.1	0.9;
	125897643	1	0	0	0	0	0	1	0	13.8	0	1.1	0.9;
	125897671	1	0	0	0	0	0	1	0	13.8	0	1.1	0.9;
	125897685	1	0	0	0	0	0	1	0	13.8	0	1.1	0.9;
	125897692	1	0	0	0	0	0	1	0	13.8	0	1.1	0.9;
	125897734	1	0	0	0	0	0	1	0	13.8	0	1.1	0.9;
	125897797	1	0	0	0	0	0	1	0	13.8	0	1.1	0.9;
	125897804	1	0	0	0	0	0	1	0	13.8	0	1.1	0.9;
	125897825	1	0	0	0	0	0	1	0	13.8	0	1.1	0.9;
	125897832	1	0	0	0	0	0	1	0	13.8	0	1.1	0.9;
	125897867	1	0	0	0	0	0	1	0	13.8	0	1.1	0.9;
	125897888	1	0	0	0	0	0	1	0	13.8	0	1.1	0.9;
	125897909	1	0	0	0	0	0	1	0	13.8	0	1.1	0.9;
	125897972	1	0	0	0	0	0	1	0	13.8	0	1.1	0.9;
	125897979	1	0	0	0	0	0	1	0	13.8	0	1.1	0.9;
	125898168	1	0	0	0	0	0	1	0	13.8	0	1.1	0.9;
	125898245	1	0	0	0	0	0	1	0	13.8	0	1.1	0.9;
	125898266	1	0	0	0	0	0	1	0	13.8	0	1.1	0.9;
	125898476	1	0	0	0	0	0	1	0	13.8	0	1.1	0.9;
	125898483	1	0	0	0	0	0	1	0	13.8	0	1.1	0.9;
	125898490	1	1.20494361e-05	0.000278956411	0	0	0	1	0	13.8	0	1.1	0.9;
	125898497	1	0	0	0	0	0	1	0	13.8	0	1.1	0.9;
	125898504	1	0	0	0	0	0	1	0	13.8	0	1.1	0.9;
	125898511	1	0	0	0	0	0	1	0	13.8	0	1.1	0.9;
	125898518	1	0	0	0	0	0	1	0	13.8	0	1.1	0.9;
	125898525	1	0	0	0	0	0	1	0	13.8	0	1.1	0.9;
	125898532	1	0	0	0	0	0	1	0	13.8	0	1.1	0.9;
	125898539	1	0	0	0	0	0	1	0	13.8	0	1.1	0.9;
	125898546	1	0	0	0	0	0	1	0	13.8	0	1.1	0.9;
	125898553	1	0	0	0	0	0	1	0	13.8	0	1.1	0.9;
	125898560	1	0	0	0	0	0	1	0	13.8	0	1.1	0.9;
	125898567	1	0	0	0	0	0	1	0	13.8	0	1.1	0.9;
	125898574	1	2.47930784e-08	5.73984384e-07	0	0	0	1	0	13.8	0	1.1	0.9;
	125898581	1	0	0	0	0	0	1	0	13.8	0	1.1	0.9;
	125898588	1	0	0	0	0	0	1	0	13.8	0	1.1	0.9;
	125898595	1	0	0	0	0	0	1	0	13.8	0	1.1	0.9;
	125898602	1	0	0	0	0	0	1	0	13.8	0	1.1	0.9;
	125898609	1	0	0	0	0	0	1	0	13.8	0	1.1	0.9;
	125898616	1	0	0	0	0	0	1	0	13.8	0	1.1	0.9;
	125898623	1	0	0	0	0	0	1	0	13.8	0	1.1	0.9;
	125898630	1	0.000158675702	0.00367350006	0	0	0	1	0	13.8	0	1.1	0.9;
	125898637	1	0	0	0	0	0	1	0	13.8	0	1.1	0.9;
	125898644	1	0	0	0	0	0	1	0	13.8	0	1.1	0.9;
	125898651	1	0	0	0	0	0	1	0	13.8	0	1.1	0.9;
	125898658	1	1.09089545e-05	0.000252553129	0	0	0	1	0	13.8	0	1.1	0.9;
	125898665	1	0	0	0	0	0	1	0	13.8	0	1.1	0.9;
	125898672	1	0	0	0	0	0	1	0	13.8	0	1.1	0.9;
